e4:5f:01:63:71:64>6,3;e4:5f:01:63:71:e5>3,9.6;e4:5f:01:63:71:55>-7,8.7;e4:5f:01:63:71:b5>0,0;e4:5f:01:63:71:a3>-7.2,17.2
0,1.2&e4:5f:01:63:71:b5,-66;-68;-69;-66;-65;-65;-65;-65;-65;-65;-65;-65;-65;-65;-65;-66;-66;-66;-66;-66;-66;-65;-66;-65;-64;-66;-66;-66;-66;-67;-66;-66;-66;-66;-66;-67
0,2.4&e4:5f:01:63:71:b5,-66;-66;-66;-67;-63;-62;-62;-66;-65;-67;-67;-67;-65;-66;-66;-65;-65;-64;-64;-64;-64;-65;-65;-64;-64;-65;-65;-65;-65;-65;-66;-66;-66;-65;-65;-64
0,3.6&e4:5f:01:63:71:b5,-68;-71;-69;-71;-71;-68;-69;-70;-71;-71;-70;-73;-74;-73;-72;-73;-73;-75;-74;-73;-73;-73;-73;-73;-73;-74;-73;-73;-72;-73;-74
0,4.8&e4:5f:01:63:71:b5,-83;-73;-71;-77;-84;-80;-78;-73;-72;-71;-72;-72;-72;-79;-80;-81;-78;-77;-76;-89;-79;-70;-69;-69;-75;-81;-82;-81;-80;-79;-80
0,6&e4:5f:01:63:71:b5,-84;-77;-78;-72;-74;-71;-72;-72;-72;-72;-72;-74;-74;-78;-74;-69;-72;-70;-75;-77;-73;-74;-75;-75;-75;-76
0,7.2&e4:5f:01:63:71:b5,-76;-77;-77;-73;-71;-71;-71;-69;-69;-69;-70;-71;-71;-70;-70;-70;-70;-70;-70;-70;-70;-69;-70;-70;-69;-69;-69;-69;-69
0,8.4&e4:5f:01:63:71:b5,-74;-77;-77;-76;-75;-75;-74;-74;-75;-76;-77;-78;-77;-77;-79;-80;-80;-76;-75;-74;-75;-75;-75;-75;-75;-72;-72;-72;-72;-71;-71;-72;-72;-72;-72;-72
0,9.6&e4:5f:01:63:71:b5,-70;-70;-69;-71;-72;-72;-73;-72;-73;-72;-72;-72;-72;-72;-72;-71;-72;-72;-72;-71;-71
0,10.8&e4:5f:01:63:71:b5,-69;-74;-74;-80;-82;-76;-84;-89;-88;-85;-86;-84;-87;-80;-83;-79;-79;-79;-79;-79;-78;-79;-79;-79;-80;-90;-84;-81;-83;-83;-82
0,12&e4:5f:01:63:71:b5,-82;-77;-77;-88;-77;-83;-74;-85;-72;-72;-76;-78;-94;-81;-81;-81;-87;-89;-84;-83;-83;-81;-81
-1.2,12&e4:5f:01:63:71:b5,-73;-72;-73;-75;-77;-79;-74;-80;-84;-91;-80;-85;-86;-80;-79;-79;-78;-78;-78;-79;-80;-80;-81;-82;-83;-83;-81;-81;-81;-81;-83;-81;-78;-80;-79;-79
-1.2,14.2&e4:5f:01:63:71:b5,-80;-82;-85;-82;-90;-91;-89;-89;-85;-86;-85;-84;-85;-85;-84;-81;-79;-79;-82;-83;-84;-84;-86;-88;-88
-1.2,15.4&e4:5f:01:63:71:b5,-74;-82;-81;-81;-84;-88;-89;-87;-79;-77;-76;-76;-75;-75;-74;-74;-74;-74;-74;-74;-74;-74;-74;-74;-74;-74;-74;-74;-74;-74;-74;-74;-75;-73;-76;-76
-1.2,16.6&e4:5f:01:63:71:b5,-73;-84;-87;-85;-80;-81;-82;-82;-82;-82;-81;-79;-78;-80;-80;-80;-81;-82;-81;-80;-83;-83;-82;-81;-84;-83;-81;-79;-79;-80;-80;-80
-1.2,17.8&e4:5f:01:63:71:b5,-80;-76;-84;-75;-79;-79;-83;-80;-80;-81;-82;-83;-83;-82;-83;-88;-85;-81;-81;-82;-83;-85;-88;-88;-88;-85;-85;-84;-85;-85;-84;-83
-1.2,19&e4:5f:01:63:71:b5,-92;-74;-76;-77;-85;-83;-78;-77;-76;-75;-75;-75;-75;-76;-85;-87;-84;-88;-90;-95;-88;-87;-86;-89;-87;-91;-81
-1.2,10.8&e4:5f:01:63:71:b5,-79;-83;-88;-78;-79;-80;-81;-77;-84;-75;-76;-74;-80;-84;-79;-77;-78;-77;-78;-87;-88;-84;-83;-83;-85;-84;-80;-77;-76;-83;-81;-84;-80;-79;-79;-79;-80
-1.2,9.6&e4:5f:01:63:71:b5,-75;-81;-79;-80;-74;-73;-73;-73;-74;-74;-75;-75;-79;-80;-83;-86;-79;-79;-79;-79;-78;-77;-78;-78;-79;-79
-1.2,8.4&e4:5f:01:63:71:b5,-69;-72;-74;-77;-76;-73;-70;-72;-72;-72;-72;-71;-71;-71;-71;-71;-71;-70;-70;-70;-68;-68;-68;-68;-68;-68;-68;-68
-1.2,7.2&e4:5f:01:63:71:b5,-77;-79;-76;-74;-74;-74;-71;-69;-70;-70;-71;-72;-72;-72;-74;-75;-75;-74;-74;-73;-73;-73;-76;-76;-76;-77;-80;-81;-79;-78;-77;-78;-78;-78;-78;-78;-77;-78
-1.2,0&e4:5f:01:63:71:b5,-68;-68;-66;-69;-65;-65;-67;-66;-65;-64;-61;-63;-64;-65;-65;-67;-66;-64;-64;-62;-62;-62;-63;-62;-62;-62;-62;-62;-62;-62;-63;-63;-64;-64;-65
-1.2,1.2&e4:5f:01:63:71:b5,-74;-81;-81;-78;-69;-69;-68;-65;-65;-65;-65;-66;-68;-68;-69;-71;-74;-81;-65;-62
-1.2,2.4&e4:5f:01:63:71:b5,-67;-69;-66;-64;-64;-65;-66;-66;-64;-64;-63;-64;-64;-65;-65;-66;-67;-67;-68;-67;-66;-66;-68;-68;-68;-68;-67;-68;-67;-66;-66;-66;-65;-65;-65;-65;-65;-65;-65
-1.2,3.6&e4:5f:01:63:71:b5,-74;-70;-70;-70;-68;-67;-66;-66;-65;-66;-65;-65;-65;-65;-67;-67;-68;-67;-66;-66;-66;-66
-1.2,4.8&e4:5f:01:63:71:b5,-63;-75;-73;-69;-80;-86;-76;-73;-72;-69;-68;-68;-68;-66;-66;-65;-65;-65;-65;-65;-65;-66;-66;-66;-67;-68;-70;-75;-81;-81;-79;-77;-74;-69
-1.2,4.8&e4:5f:01:63:71:b5,-74;-72;-65;-71;-64;-66;-68;-67;-66;-67;-71;-74;-75;-72;-72;-74;-75;-75;-77;-78;-82;-80;-77;-78;-76;-76;-76;-77;-75;-74;-74;-74;-75;-74;-73
-1.2,6&e4:5f:01:63:71:b5,-67;-68;-66;-66;-67;-73;-70;-68;-68;-68;-68;-68;-68;-68;-68;-69;-70;-71;-71;-72;-73;-73;-73;-73;-73;-70;-69;-68;-68;-68;-68;-68;-68;-68
1.2,1.2&e4:5f:01:63:71:b5,-67;-75;-78;-78;-77;-76;-76;-75;-78;-82;-75;-69;-68;-68;-71;-72;-71;-70;-69;-71;-67;-70;-76;-74;-75
1.2,2.4&e4:5f:01:63:71:b5,-71;-77;-82;-82;-82;-81;-78;-76;-77;-78;-78;-78;-80;-88;-88;-90;-82;-77;-77;-82;-84;-84;-83;-81;-81;-80;-75;-76;-75;-74
1.2,3.6&e4:5f:01:63:71:b5,-72;-75;-77;-80;-89;-80;-93;-93;-83;-73;-72;-71;-79;-84;-83;-82;-77;-78;-76;-76;-76;-73;-73;-72;-72;-72;-73;-75;-74
1.2,4.8&e4:5f:01:63:71:b5,-70;-67;-67;-67;-79;-80;-78;-86;-86;-83;-82;-79;-75;-73;-72;-71;-70;-69;-67;-68
1.2,6&e4:5f:01:63:71:b5,-69;-71;-72;-75;-73;-75;-72;-72;-71;-71;-73;-72;-72;-72;-72;-72;-72;-72;-73;-72;-71;-72;-71;-71;-71;-71;-71;-72;-71;-72;-71
1.2,7.2&e4:5f:01:63:71:b5,-81;-80;-79;-84;-84;-86;-84;-83;-80;-80;-77;-77;-78;-78;-80;-80;-81;-83;-83;-92;-92;-89;-84;-84;-83;-83;-82;-82;-83;-82;-81;-80;-81;-80;-81;-81;-82
1.2,8.4&e4:5f:01:63:71:b5,-80;-77;-78;-75;-74;-73;-71;-70;-70;-70;-70;-70;-70;-70;-71;-76;-79;-78;-79;-78;-78;-79;-77;-76;-75;-75;-76;-73;-72;-71;-71;-72;-72;-74;-74
1.2,9.6&e4:5f:01:63:71:b5,-67;-67;-67;-66;-65;-66;-65;-65;-65;-65;-66;-66;-66;-65;-65;-66;-65;-66;-65;-65;-66;-65;-66;-66;-65;-66;-65;-65;-65;-65;-65;-65;-66;-66
1.2,10.8&e4:5f:01:63:71:b5,-69;-71;-76;-77;-85;-75;-76;-77;-76;-75;-74;-74;-76;-76;-76;-76;-75;-74;-73;-72;-71;-72;-71;-72;-72;-72;-72;-73;-73
2.4,10.8&e4:5f:01:63:71:b5,-88;-80;-83;-85;-90;-84;-82;-82;-79;-82;-80;-84;-84;-86;-84;-86;-82;-78;-77;-76;-81;-84;-84;-85;-84;-85;-85;-84;-82;-81;-80;-80;-81
2.4,9.6&e4:5f:01:63:71:b5,-79;-76;-78;-74;-75;-75;-75;-76;-76;-76;-76;-77;-77;-77;-77;-78;-78;-78;-79;-79;-79;-79;-79;-79;-78;-78;-77;-77;-77;-78;-78;-78;-78;-79;-79;-79;-78;-77
2.4,8.4&e4:5f:01:63:71:b5,-71;-73;-76;-64;-68;-77;-67;-68;-68;-69;-71;-72;-75;-73;-73;-71;-69;-69;-69;-68;-68;-67;-67;-67;-68;-75;-75;-74
2.4,7.2&e4:5f:01:63:71:b5,-72;-71;-70;-68;-67;-68;-69;-68;-73;-73;-72;-72;-73;-71;-73;-78;-78;-77;-77;-78;-77;-76;-76;-74;-74;-74;-77;-83;-80;-84;-80;-78;-81;-81;-73;-73;-73;-72
2.4,6&e4:5f:01:63:71:b5,-77;-78;-77;-78;-79;-80;-79;-79;-79;-77;-76;-77;-83;-83;-82;-84;-78;-76;-78;-81;-77;-75;-75;-74;-74;-74;-74;-73;-73;-73;-73;-73;-73;-73;-73;-73;-73;-73
2.4,4.8&e4:5f:01:63:71:b5,-82;-78;-75;-76;-77;-76;-73;-75;-87;-84;-86;-83;-80;-73;-74;-74;-74;-74;-73;-74;-74;-75;-88;-86;-77;-77;-76;-74;-72;-71
2.4,3.6&e4:5f:01:63:71:b5,-67;-68;-70;-71;-70;-69;-70;-70;-70;-70;-70;-70;-70;-70;-71;-69;-68;-66;-66;-67;-67;-68;-68;-67;-67;-67;-67;-67;-67;-67;-67;-67;-68;-68
2.4,2.4&e4:5f:01:63:71:b5,-76;-77;-76;-75;-75;-74;-80;-74;-72;-75;-72;-75;-76;-71;-70;-70;-70;-71;-73;-75;-76;-76;-75;-74;-73;-71;-72;-72;-70;-68;-68;-68;-69
2.4,1.2&e4:5f:01:63:71:b5,-68;-71;-71;-74;-74;-73;-72;-72;-72;-71;-72;-71;-72;-72;-73;-73;-73;-73;-73;-71;-71;-70;-70
3.6,1.2&e4:5f:01:63:71:b5,-70;-73;-71;-71;-74;-76;-76;-75;-72;-71;-70;-70;-71;-70;-70;-70;-71;-71;-72;-72;-74;-76;-77;-77;-79;-83;-82;-82;-84;-87;-86;-88;-88;-86;-87;-91;-86
3.6,2.4&e4:5f:01:63:71:b5,-76;-72;-66;-66;-66;-67;-69;-65;-65;-65;-65;-64;-66;-66;-66;-66;-66;-65;-65;-65;-65;-64;-64;-65;-65;-66;-66;-66;-66;-66;-66;-66;-69;-70;-72;-73;-75
3.6,3.6&e4:5f:01:63:71:b5,-67;-69;-69;-67;-67;-67;-67;-67;-67;-67;-67;-68;-68;-69;-68;-69;-70;-70;-71;-71;-70;-70;-71;-71;-71;-71;-72;-72;-72;-72
3.6,4.8&e4:5f:01:63:71:b5,-72;-74;-79;-87;-78;-77;-73;-70;-69;-70;-70;-70;-70;-69;-70;-70;-69;-69;-70;-71;-71;-72;-71;-71;-71;-71;-72;-72;-70;-70;-73;-72;-72;-73;-73;-73;-71;-73
3.6,6&e4:5f:01:63:71:b5,-75;-76;-72;-72;-74;-75;-73;-72;-72;-72;-73;-72;-71;-69;-69;-69;-69;-69;-69;-70;-70;-71;-72;-73;-74;-76;-76;-76;-77;-75;-74;-73;-73;-76;-76
3.6,7.2&e4:5f:01:63:71:b5,-70;-69;-72;-72;-73;-73;-72;-71;-69;-69;-69;-71;-74;-76;-77;-76;-76;-76;-80;-76;-75;-71;-71;-73;-74;-72;-74;-75;-74
3.6,8.4&e4:5f:01:63:71:b5,-81;-82;-82;-82;-82;-81;-80;-83;-80;-80;-80;-78;-80;-77;-76;-75;-75;-75;-75;-74
3.6,9.6&e4:5f:01:63:71:b5,-72;-75;-75;-75;-81;-76;-74;-76;-74;-75;-74;-77;-76;-72;-75;-77;-75;-74;-71;-75;-77;-77;-77;-77;-77;-75;-77;-76;-75;-74;-73
3.6,10.8&e4:5f:01:63:71:b5,-78;-83;-69;-69;-70;-69;-68;-68;-69;-69;-69;-69;-69;-70;-70;-70;-71;-71;-71;-71;-70;-70;-71;-73;-72;-77;-74;-76;-74;-74;-77;-78;-73
4.8,10.8&e4:5f:01:63:71:b5,-68;-71;-70;-73;-72;-76;-76;-83;-83;-77;-76;-75;-74;-74;-75;-73;-76;-77;-76;-77;-77;-78;-78;-75;-75
4.8,9.6&e4:5f:01:63:71:b5,-75;-74;-74;-78;-80;-82;-75;-73;-73;-72;-72;-71;-71;-72;-72;-72;-72;-73;-73;-75;-77;-72;-75;-75;-74;-74;-74
4.8,8.4&e4:5f:01:63:71:b5,-73;-73;-78;-88;-92;-80;-72;-70;-73;-78;-82;-81;-80;-79;-80;-80;-75;-74;-75;-77;-81;-86;-85;-83;-84;-86;-84;-82;-81;-79
4.8,7.2&e4:5f:01:63:71:b5,-77;-81;-83;-73;-72;-71;-71;-71;-71;-70;-70;-71;-71;-71;-70;-70;-70;-70;-69;-70;-69;-69;-69;-70;-72;-73;-73;-73;-73
4.8,6&e4:5f:01:63:71:b5,-86;-80;-76;-73;-73;-71;-72;-73;-72;-73;-73;-73;-71;-72;-73;-71;-70;-70;-70;-70;-72;-75;-77;-78;-79;-79;-78;-75;-74;-72;-71;-72;-72
4.8,4.8&e4:5f:01:63:71:b5,-75;-77;-78;-78;-82;-82;-70;-67;-67;-67;-68;-67;-67;-68;-73;-76;-75;-75;-77;-80;-86;-79;-77;-77;-76;-74
4.8,3.6&e4:5f:01:63:71:b5,-77;-79;-78;-71;-70;-71;-72;-74;-80;-77;-76;-75;-75;-75;-74;-73;-73;-72;-72;-72;-72;-71;-71;-72;-75;-75;-76;-76
4.8,2.4&e4:5f:01:63:71:b5,-75;-74;-72;-87;-76;-73;-75;-76;-77;-75;-74;-78;-77;-76;-77;-77;-77;-79;-80;-78;-79;-82;-73;-75;-78;-82;-85;-86;-84
4.8,1.2&e4:5f:01:63:71:b5,-73;-87;-74;-74;-73;-72;-71;-68;-67;-67;-67;-72;-72;-75;-76;-75;-74;-71;-70;-69;-70;-74;-74;-73;-75;-76;-75
6,1.2&e4:5f:01:63:71:b5,-76;-72;-70;-75;-86;-90;-82;-79;-78;-81;-80;-76;-77;-81;-74;-74;-73;-73;-74;-77;-79;-81;-77;-73;-71;-71;-72
6,2.4&e4:5f:01:63:71:b5,-72;-72;-72;-72;-70;-70;-76;-77;-79;-78;-82;-83;-86;-86;-81;-80;-79;-80;-79;-80;-77;-86;-83;-82;-85;-84;-85;-82;-79;-75;-74;-72;-72;-72
6,3.6&e4:5f:01:63:71:b5,-75;-69;-68;-69;-70;-71;-70;-67;-67;-67;-66;-66;-66;-66;-67;-68;-67;-67;-69;-69;-68;-68;-68;-67;-68;-69
6,4.8&e4:5f:01:63:71:b5,-83;-82;-89;-80;-82;-81;-83;-81;-80;-77;-77;-77;-78;-78;-78;-80;-82;-82;-82;-81;-81;-81;-82;-83;-84;-84
6,6&e4:5f:01:63:71:b5,-69;-68;-69;-68;-68;-67;-67;-67;-67;-67;-67;-68;-68;-68;-68;-68;-68;-68;-67;-68
6,7.2&e4:5f:01:63:71:b5,-71;-71;-71;-71;-71;-70;-73;-91;-76;-76;-76;-77;-79;-83;-84;-84;-84;-81;-77;-77;-76;-76;-76;-75;-77;-83;-80;-79;-78;-80;-81
6,8.4&e4:5f:01:63:71:b5,-69;-69;-77;-78;-90;-82;-78;-75;-75;-72;-70;-70;-69;-68;-68;-67;-66;-65;-65;-65;-65;-64;-64;-64;-64
6,9.6&e4:5f:01:63:71:b5,-71;-75;-76;-94;-79;-69;-66;-66;-66;-66;-67;-68;-69;-70;-71;-71;-71;-71;-71;-70;-70;-65;-65;-66;-66;-67;-67;-69;-69
6,10.8&e4:5f:01:63:71:b5,-68;-69;-69;-74;-75;-78;-76;-74;-70;-70;-70;-71;-73;-74;-79;-80;-81;-84;-85;-80;-76;-75;-76;-71;-71;-71;-71;-71;-71;-71;-70;-68;-68;-68;-68;-68
-2.4,0&e4:5f:01:63:71:b5,-66;-70;-70;-74;-71;-70;-69;-70;-71;-69;-69;-71;-71;-73;-71;-71;-70;-71;-72;-73;-73;-72;-70;-67;-66;-67;-67;-72;-72;-72;-73;-73;-73;-73;-73;-73;-73
-2.4,1.2&e4:5f:01:63:71:b5,-64;-64;-63;-63;-64;-66;-64;-65;-64;-70;-75;-77;-78;-74;-69;-67;-67;-66;-67;-67;-67;-67;-66;-66;-65;-66;-66;-65;-65;-65;-64;-63;-63;-67
-2.4,2.4&e4:5f:01:63:71:b5,-67;-67;-68;-70;-73;-73;-70;-68;-68;-68;-69;-70;-71;-71;-67;-67;-66;-66;-67;-66;-67;-68;-68;-67;-68;-69;-68;-69;-68;-67;-66;-67;-66;-65;-65;-66;-66;-68;-68;-67
-2.4,3.6&e4:5f:01:63:71:b5,-61;-65;-63;-63;-62;-62;-63;-63;-62;-62;-63;-63;-63;-64;-66;-67;-68;-69;-69;-71;-71;-73;-73;-73;-72;-71;-70;-68;-66;-65;-64;-64;-64;-65
-2.4,4.8&e4:5f:01:63:71:b5,-76;-74;-75;-71;-72;-72;-74;-73;-73;-71;-71;-71;-71;-70;-70;-70;-68;-66;-65;-64;-64;-63;-63;-63;-64;-64;-64;-64;-64;-64;-64;-63
-2.4,6&e4:5f:01:63:71:b5,-75;-75;-73;-74;-77;-68;-70;-68;-68;-70;-66;-66;-66;-66;-66;-65;-65;-65;-65;-65
-2.4,7.2&e4:5f:01:63:71:b5,-80;-80;-81;-80;-77;-77;-76;-75;-78;-81;-82;-78;-81;-82;-76;-76;-78;-78;-69;-71;-70;-76
-2.4,8.4&e4:5f:01:63:71:b5,-70;-70;-71;-71;-70;-71;-85;-79;-78;-78;-77;-76;-75;-75;-73;-74;-74;-73;-71;-71;-70
-2.4,9.6&e4:5f:01:63:71:b5,-69;-70;-68;-68;-67;-67;-68;-68;-67;-68;-67;-67;-68;-68;-68;-68;-68;-68;-68;-68;-68;-68;-68;-68;-68;-68;-68;-68;-68;-68;-68;-68;-68;-68;-68;-68;-68;-68
-2.4,10.8&e4:5f:01:63:71:b5,-73;-73;-73;-83;-82;-81;-81;-79;-78;-78;-78;-76;-76;-76;-75;-73;-71;-71;-71;-71;-72;-72;-72;-73;-73;-72;-72;-72;-72;-73
-2.4,12&e4:5f:01:63:71:b5,-77;-79;-79;-70;-71;-76;-75;-76;-76;-75;-73;-76;-83;-85;-81;-76;-76;-77;-82;-81;-77;-75;-78;-80;-82;-90;-92
-2.4,13.2&e4:5f:01:63:71:b5,-79;-80;-78;-77;-76;-74;-73;-73;-73;-72;-73;-72;-71;-71;-71;-71;-72;-72;-71;-71;-72;-72;-71;-71;-71;-71;-71;-71;-71;-71;-71;-71;-71;-71
-2.4,14.4&e4:5f:01:63:71:b5,-78;-73;-76;-78;-78;-80;-81;-86;-90;-89;-85;-80;-77;-77;-78;-79;-80;-81;-82;-81;-77;-76;-76;-77;-77;-78;-78;-79;-80;-79;-79;-79;-79;-79;-79
-2.4,16.6&e4:5f:01:63:71:b5,-75;-77;-76;-74;-75;-80;-83;-89;-88;-85;-83;-84;-86;-86;-87;-92;-89;-90;-90;-90;-91;-92;-91;-92;-89;-87
-3.6,0&e4:5f:01:63:71:b5,-96;-97;-97;-96
-3.6,1.2&e4:5f:01:63:71:b5,-94;-92;-92;-92;-91;-97;-96;-94;-94;-94;-95;-96;-97;-95;-94;-93;-94;-98;-97;-95;-94;-93;-94;-95;-98;-100;-96;-96;-99
-3.6,2.4&e4:5f:01:63:71:b5,-99;-101;-96
-3.6,3.6&e4:5f:01:63:71:b5,-98;-97;-98;-100;-100
-3.6,4.8&e4:5f:01:63:71:b5,-94;-93;-93;-94;-93;-93;-93;-92;-92;-92;-93;-93;-93;-93;-92;-93;-92;-91;-92;-92;-93;-93;-94;-94;-94;-94;-95;-95;-96;-95;-96;-96;-95;-95;-95
-3.6,6&e4:5f:01:63:71:b5,-94;-93;-94;-94;-95;-96;-95;-94;-98;-99;-98;-96;-93;-93;-94;-92;-92;-94;-93;-94;-95;-94;-94;-94;-94;-95;-95;-91;-93;-94;-94;-94;-94;-93;-93;-94;-93
-3.6,7.2&e4:5f:01:63:71:b5,-100
-3.6,9.6&e4:5f:01:63:71:b5,-97;-97
-3.6,10.8&e4:5f:01:63:71:b5,-98;-98;-101;-100;-102
-3.6,12&e4:5f:01:63:71:b5,-99;-97;-96;-97;-97;-99
-3.6,13.2&e4:5f:01:63:71:b5,-97
0,1.2&e4:5f:01:63:71:e5,-76;-76;-74;-77;-80;-78;-78;-75;-71;-74;-79;-80;-73;-76;-74;-73;-73;-76;-78;-77;-84;-83;-79;-80;-82;-81
0,2.4&e4:5f:01:63:71:e5,-75;-73;-71;-70;-77;-79;-72;-69;-71;-67;-75;-72;-69;-67;-67;-66;-67;-66;-66;-67;-66;-67;-65;-65;-66;-66;-65;-66;-65;-65;-66;-66;-66;-66;-65;-65;-65;-66;-66
0,3.6&e4:5f:01:63:71:e5,-65;-65;-64;-65;-65;-65;-66;-66;-66;-66;-68;-69;-69;-70;-70;-70;-70;-70;-70;-70;-71;-71;-71;-71;-71;-71;-71;-71;-71;-71;-70;-70;-70
0,4.8&e4:5f:01:63:71:e5,-71;-69;-67;-71;-71;-70;-69;-68;-70;-71;-72;-73;-75;-77;-80;-84;-86;-88;-82;-82;-86;-83;-83;-78;-74;-75;-87;-91;-85;-85;-84;-85;-87
0,6&e4:5f:01:63:71:e5,-74;-73;-73;-76;-77;-72;-71;-69;-67;-66;-68;-68;-69;-69;-69;-69;-74;-65;-65;-67;-67;-73;-70;-71;-71;-71;-69;-70;-70;-70;-70;-70;-71;-72;-73;-74;-75;-74;-73
0,7.2&e4:5f:01:63:71:e5,-74;-70;-71;-71;-75;-74;-71;-70;-66;-64;-61;-60;-60;-60;-60;-60;-60;-60;-60;-60;-61;-61;-61;-61;-61;-61;-61;-61;-61;-61
0,8.4&e4:5f:01:63:71:e5,-72;-72;-77;-78;-77;-75;-71;-71;-71;-72;-70;-71;-69;-69;-70;-71;-72;-72;-71;-71;-70;-70;-72;-74;-73;-72;-71;-71;-68
0,9.6&e4:5f:01:63:71:e5,-59;-58;-58;-58;-58;-58;-58;-58;-55;-58;-58;-59;-59;-59;-59;-59;-59;-59;-59;-59;-60;-59;-59;-59;-59;-59;-59;-59;-59;-59;-59;-59;-59;-59;-60;-59;-59;-59
0,10.8&e4:5f:01:63:71:e5,-64;-68;-67;-65;-65;-62;-57;-55;-55;-55;-55;-58;-59;-64;-64;-65;-64;-63;-61;-61;-62;-62;-62;-62;-62;-63;-63;-63;-63;-67;-66;-68;-67;-73
0,12&e4:5f:01:63:71:e5,-65;-64;-62;-62;-67;-75;-70;-74;-71;-75;-71;-72;-69;-68;-68;-68;-68;-67;-66;-67;-69;-70;-70;-70;-70;-68;-68;-69;-69;-69;-67;-67;-67;-65
-1.2,12&e4:5f:01:63:71:e5,-72;-80;-79;-84;-75;-66;-67;-64;-72;-74;-74;-73;-74;-73;-73;-73;-74;-78;-76;-75;-76;-76;-76;-76;-74;-74;-74;-74;-78;-79;-75;-74;-73;-73
-1.2,14.2&e4:5f:01:63:71:e5,-78;-75;-74;-68;-67;-66;-66;-65;-65;-66;-67;-67;-72;-72;-72;-71;-72;-72;-72;-71;-71;-71;-72;-72;-73;-74
-1.2,15.4&e4:5f:01:63:71:e5,-68;-72;-68;-70;-66;-65;-64;-64;-65;-66;-66;-66;-66;-66;-66;-66;-66;-66;-66;-67;-67;-67;-67;-68;-68;-68;-67;-68
-1.2,16.6&e4:5f:01:63:71:e5,-70;-75;-74;-77;-72;-70;-71;-72;-76;-77;-77;-78;-83;-89;-78;-81;-81;-81;-77;-77;-78;-80;-83;-82;-76;-74;-74;-74;-76;-77;-78;-78;-78;-78
-1.2,17.8&e4:5f:01:63:71:e5,-85;-92;-74;-82;-82;-82;-82;-80;-77;-78;-84;-85;-83;-90;-97;-91;-89;-89;-89;-90;-90;-83;-83;-83;-82;-82;-82;-81;-80;-80;-80;-79
-1.2,19&e4:5f:01:63:71:e5,-71;-78;-77;-78;-80;-88;-85;-82;-82;-81;-81;-82;-77;-75;-77;-77;-78;-75;-76;-78;-81;-81;-83;-82;-81;-84;-84;-84;-90;-93;-93
-1.2,10.8&e4:5f:01:63:71:e5,-60;-61;-63;-66;-66;-63;-63;-64;-65;-65;-65;-70;-70;-69;-61;-61;-61;-61;-61;-65;-65;-64;-67;-73;-77;-79;-70;-69;-68;-66
-1.2,9.6&e4:5f:01:63:71:e5,-69;-71;-70;-68;-71;-64;-63;-62;-62;-64;-65;-67;-68;-67;-65;-65;-64;-65;-66;-65;-65;-66;-65
-1.2,8.4&e4:5f:01:63:71:e5,-66;-62;-60;-60;-62;-63;-64;-65;-65;-67;-68;-67;-67;-67;-66;-67;-68;-68;-67;-67;-68;-67;-67;-68;-69;-68;-68;-68;-68;-69;-69;-69;-69;-70;-70;-70;-70;-70;-70;-70;-70
-1.2,7.2&e4:5f:01:63:71:e5,-65;-73;-76;-68;-66;-63;-64;-63;-63;-63;-64;-65;-67;-66;-66;-66;-65;-66;-66;-67;-66;-65;-65;-65;-65;-65;-65
-1.2,0&e4:5f:01:63:71:e5,-81;-77;-74;-75;-74;-75;-76;-76;-78;-78;-79;-80;-80;-82;-82;-81;-81;-82;-83;-84;-83;-81;-81;-80;-80;-80;-79;-80;-81;-81;-80;-82;-80;-80;-79
-1.2,1.2&e4:5f:01:63:71:e5,-83;-72;-71;-69;-70;-72;-72;-70;-70;-71;-72;-71;-70;-70;-68;-69;-69;-68;-68;-68;-70;-71;-72;-73;-72;-70;-70;-73;-73;-72;-72;-72
-1.2,2.4&e4:5f:01:63:71:e5,-71;-71;-74;-79;-85;-77;-77;-82;-82;-78;-82;-79;-76;-79;-85;-81;-75;-75;-78;-78;-78;-78;-79;-78;-77;-78;-78;-78
-1.2,3.6&e4:5f:01:63:71:e5,-67;-67;-79;-88;-87;-81;-82;-87;-79;-76;-75;-73;-75;-77;-77;-74;-72;-66;-65;-65;-69;-70;-70;-73;-74;-77;-81
-1.2,4.8&e4:5f:01:63:71:e5,-66;-66;-64;-65;-75;-63;-62;-65;-66;-65;-64;-64;-64;-64;-64;-64;-65;-65;-65;-68;-68;-68;-68;-67;-67;-65;-65;-65;-66;-65;-65;-65;-66;-71;-70
-1.2,4.8&e4:5f:01:63:71:e5,-70;-72;-73;-65;-61;-60;-60;-58;-58;-59;-59;-60;-64;-65;-65;-65;-64;-65;-65;-68;-69;-69;-70;-70;-71;-68;-67;-66;-65;-66;-66;-65;-65;-65
-1.2,6&e4:5f:01:63:71:e5,-66;-68;-67;-66;-66;-68;-67;-67;-71;-78;-77;-78;-73;-72;-73;-72;-73;-78;-77;-76;-75;-74
1.2,1.2&e4:5f:01:63:71:e5,-78;-70;-66;-68;-68;-72;-79;-78;-75;-72;-72;-74;-76;-70;-67;-65;-65;-65;-68;-69;-71;-71;-73;-72;-71;-69;-69;-68;-68;-67;-67;-67;-67;-69;-68;-68
1.2,2.4&e4:5f:01:63:71:e5,-72;-71;-71;-69;-70;-70;-71;-72;-72;-72;-71;-71;-70;-71;-72;-74;-73;-72;-72;-72;-72;-72;-73;-73;-74;-73;-72;-71;-71;-71;-70;-70;-70;-70;-71;-70;-70;-70;-70;-69;-69;-71
1.2,3.6&e4:5f:01:63:71:e5,-74;-76;-80;-77;-77;-77;-77;-78;-81;-75;-75;-74;-74;-74;-75;-75;-83;-82;-83;-80;-78;-78;-78;-81;-85;-80;-89;-92;-84;-76;-74;-77;-77;-77;-78;-77;-77;-76;-74;-73;-72;-72;-71;-71
1.2,4.8&e4:5f:01:63:71:e5,-68;-67;-70;-70;-71;-68;-66;-66;-69;-71;-73;-72;-74;-75;-77;-78;-77;-76;-74;-75;-83;-80;-84;-81;-74;-76;-77;-78;-76;-81;-77;-73;-73;-74;-74;-74;-74;-77
1.2,6&e4:5f:01:63:71:e5,-74;-70;-69;-69;-69;-64;-64;-63;-63;-62;-60;-61;-60;-60;-60;-60;-60;-60;-60;-60;-60;-60;-60;-60;-60;-60;-60
1.2,7.2&e4:5f:01:63:71:e5,-70;-69;-70;-70;-69;-68;-67;-67;-68;-69;-69;-69;-69;-69;-68;-69;-69;-69;-69;-69;-69;-69;-69;-70;-69;-70;-70;-69;-69;-69;-69
1.2,8.4&e4:5f:01:63:71:e5,-63;-63;-65;-62;-68;-68;-65;-64;-64;-63;-62;-62;-64;-65;-67;-67;-67;-67;-67;-67;-65;-65;-64;-64;-62;-62;-63;-62;-64;-64;-63;-64;-65;-65
1.2,9.6&e4:5f:01:63:71:e5,-60;-57;-58;-58;-59;-58;-59;-58;-58;-58;-58;-57;-57;-58;-58;-57;-57;-58;-58;-58;-58;-58;-58;-58;-58;-58;-58;-58;-57
1.2,10.8&e4:5f:01:63:71:e5,-64;-62;-62;-62;-66;-72;-66;-65;-64;-65;-65;-66;-66;-66;-65;-67;-67;-68;-69;-69;-66;-65;-65;-65;-65;-66;-66;-66;-66;-65;-65;-65;-68;-71;-70
2.4,10.8&e4:5f:01:63:71:e5,-75;-67;-59;-62;-61;-60;-60;-60;-61;-62;-62;-65;-64;-63;-63;-64;-63;-63;-63;-63;-63;-63;-63;-64;-64;-66;-67;-71;-71;-71
2.4,9.6&e4:5f:01:63:71:e5,-56;-59;-60;-61;-61;-60;-61;-60;-58;-58;-58;-59;-59;-59;-59;-60;-60;-60;-60;-60;-59
2.4,8.4&e4:5f:01:63:71:e5,-57;-53;-55;-58;-60;-60;-63;-64;-64;-65;-65;-66;-67;-66;-66;-68;-66;-63;-63;-63;-63;-64;-64;-65;-65;-64;-63;-65;-65;-64;-67;-69;-71;-71;-69;-72;-75;-72
2.4,7.2&e4:5f:01:63:71:e5,-68;-71;-72;-74;-75;-78;-71;-72;-71;-79;-78;-75;-84;-75;-73;-70;-68;-69;-72;-79;-76;-67;-68;-70;-68;-72
2.4,6&e4:5f:01:63:71:e5,-67;-68;-69;-69;-69;-68;-68;-68;-68;-68;-68;-68;-68;-68;-69;-69;-70;-72;-75;-76;-76;-77;-77;-80;-79;-79;-79;-78;-80
2.4,4.8&e4:5f:01:63:71:e5,-78;-75;-74;-73;-77;-78;-75;-72;-80;-75;-75;-78;-78;-91;-75;-73;-76;-75;-89;-78;-74;-75;-78;-73;-81;-80;-81;-78;-88
2.4,3.6&e4:5f:01:63:71:e5,-65;-64;-65;-65;-66;-65;-66;-66;-65;-66;-66;-66;-66;-66;-65;-65;-66;-65;-63;-63;-63;-63;-63;-63;-63;-63;-63;-63;-63;-63;-63;-63;-63;-62;-63;-63
2.4,2.4&e4:5f:01:63:71:e5,-77;-73;-70;-70;-70;-76;-81;-73;-75;-79;-85;-82;-83;-87;-83;-85;-79;-79;-78;-78;-77;-77;-75;-75;-74;-73;-75;-78;-77;-76;-73;-75;-74;-73;-73;-74
2.4,1.2&e4:5f:01:63:71:e5,-75;-70;-70;-72;-70;-70;-70;-69;-70;-72;-72;-72;-72;-72;-72;-72;-72;-72;-71;-71;-71;-71;-70;-70;-71;-71;-71;-70;-70;-71;-72;-72;-72;-72;-73;-74
3.6,1.2&e4:5f:01:63:71:e5,-75;-73;-72;-72;-67;-66;-66;-67;-67;-67;-67;-68;-68;-68;-66;-66;-66;-65;-65;-65;-65;-65;-64;-64;-65;-65;-65;-65;-65;-65;-65;-64
3.6,2.4&e4:5f:01:63:71:e5,-69;-68;-69;-72;-73;-74;-75;-74;-73;-75;-76;-76;-77;-77;-78;-79;-82;-80;-75;-75;-75;-76;-75;-75;-74;-73;-73;-73;-73;-71;-72;-76;-78;-84;-81
3.6,3.6&e4:5f:01:63:71:e5,-66;-67;-70;-68;-67;-66;-66;-66;-65;-66;-65;-65;-65;-65;-65;-67;-67;-68;-67;-68;-68;-69;-68;-69
3.6,4.8&e4:5f:01:63:71:e5,-72;-74;-72;-70;-74;-75;-76;-80;-82;-82;-81;-79;-79;-79;-80;-74;-70;-69;-69;-68;-66;-66;-66;-66;-65;-66;-66;-66;-67;-67;-67;-67;-69;-68;-67;-67;-67;-69;-67;-67
3.6,6&e4:5f:01:63:71:e5,-65;-65;-66;-72;-78;-77;-74;-73;-71;-72;-76;-74;-74;-74;-73;-74;-74;-73;-75;-73;-74;-76;-76;-75;-74;-73;-74;-76;-76
3.6,7.2&e4:5f:01:63:71:e5,-81;-72;-69;-70;-68;-68;-67;-67;-68;-66;-66;-64;-64;-65;-66;-66;-71;-75;-71
3.6,8.4&e4:5f:01:63:71:e5,-63;-64;-63;-63;-62;-61;-61;-60;-60;-60;-60;-60;-60;-60;-60;-60;-61;-61;-61;-61;-61;-61;-61;-61;-61
3.6,9.6&e4:5f:01:63:71:e5,-41;-41;-41;-42;-42;-41;-41;-42;-45;-43;-43;-40;-40;-42;-43;-41;-43;-43;-42;-42;-42;-42;-43;-43;-42;-43;-43;-43;-43;-42;-43;-42;-43;-43;-42;-42;-41;-45;-44;-44
3.6,10.8&e4:5f:01:63:71:e5,-70;-71;-68;-65;-67;-86;-78;-80;-77;-73;-71;-72;-74;-72;-72;-77;-76;-77;-78;-78;-79;-82;-83;-75;-70;-73;-81;-72
4.8,10.8&e4:5f:01:63:71:e5,-64;-66;-62;-62;-67;-70;-72;-72;-73;-76;-74;-72;-74;-75;-71;-70;-70;-70;-68;-73;-72;-70;-71;-73;-80;-79;-78;-78;-75;-73;-73;-73;-73;-74;-74;-75;-71
4.8,9.6&e4:5f:01:63:71:e5,-68;-70;-64;-63;-64;-66;-65;-64;-72;-70;-70;-68;-69;-69;-69;-69;-69;-70;-72;-72;-67;-68;-64;-66;-66;-65;-67;-66
4.8,8.4&e4:5f:01:63:71:e5,-63;-64;-66;-65;-62;-62;-61;-61;-62;-61;-63;-63;-60;-59;-61;-61;-68;-73;-65;-65;-67;-67;-67;-68;-72;-72;-73;-71;-69
4.8,7.2&e4:5f:01:63:71:e5,-63;-65;-66;-63;-74;-72;-74;-68;-68;-71;-74;-75;-77;-76;-76;-79;-77;-73;-68;-71;-71;-73;-74;-73;-71;-71;-71;-65;-64;-63;-62;-63;-64;-64
4.8,6&e4:5f:01:63:71:e5,-77;-74;-71;-73;-75;-67;-65;-63;-64;-79;-81;-71;-79;-83;-77;-77;-74;-75;-78;-75;-74;-69
4.8,4.8&e4:5f:01:63:71:e5,-70;-80;-71;-71;-73;-77;-78;-88;-76;-72;-78;-72;-71;-70;-70;-69;-69;-68;-69;-64;-64;-64;-66;-67;-69;-73;-76;-80;-80
4.8,3.6&e4:5f:01:63:71:e5,-69;-71;-72;-86;-74;-70;-76;-82;-74;-74;-75;-76;-78;-76;-77;-76;-75;-76;-76;-76;-76;-75;-74;-74;-73;-73;-73;-73;-73;-72;-73;-73;-73
4.8,2.4&e4:5f:01:63:71:e5,-75;-74;-73;-76;-80;-85;-80;-76;-79;-80;-80;-78;-76;-76;-76;-76;-73;-74;-74;-70;-71;-75;-77
4.8,1.2&e4:5f:01:63:71:e5,-77;-64;-75;-71;-71;-71;-71;-69;-68;-67;-67;-69;-68;-68;-68;-71;-71;-70;-69;-70;-72;-73;-73;-73;-72;-72;-72;-72
6,1.2&e4:5f:01:63:71:e5,-64;-72;-73;-77;-85;-86;-84;-85;-84;-76;-79;-80;-81;-82;-79;-76;-79;-77;-73;-73;-71;-71;-70;-71;-72;-74
6,2.4&e4:5f:01:63:71:e5,-80;-69;-68;-68;-68;-67;-64;-64;-64;-64;-65;-65;-65;-66;-66;-66;-66;-66;-65;-66;-65;-66;-66;-65;-65;-65;-67;-67;-66;-66;-66;-67;-67;-68;-67;-67;-67;-67
6,3.6&e4:5f:01:63:71:e5,-68;-71;-73;-72;-78;-78;-79;-82;-86;-74;-74;-74;-72;-74;-79;-79;-77;-79;-79;-77;-75;-75;-74;-74;-74;-74;-74;-75;-75;-74;-73;-72;-72;-72;-72;-69;-69;-67;-67
6,4.8&e4:5f:01:63:71:e5,-66;-66;-67;-67;-67;-68;-68;-68;-68;-68;-68;-67;-67;-67;-67;-67;-67;-67;-68;-69;-69;-69;-69;-69;-69;-69;-69;-68;-68;-68;-68
6,6&e4:5f:01:63:71:e5,-62;-63;-63;-62;-64;-62;-63;-63;-63;-63;-63;-63;-64;-64;-64;-64;-64;-63;-63;-63;-63;-63;-63;-64;-63;-63;-63;-63;-64;-63;-63;-63;-63;-62;-62;-62;-62;-62
6,7.2&e4:5f:01:63:71:e5,-64;-64;-65;-66;-69;-70;-64;-67;-67;-66;-67;-68;-68;-68;-70;-71;-71;-71;-71;-71;-65;-65;-66;-66
6,8.4&e4:5f:01:63:71:e5,-68;-68;-68;-65;-65;-65;-64;-64;-65;-66;-68;-68;-67;-65;-65;-66;-68;-68;-70;-70;-70;-70;-69;-66;-66;-66;-65;-63;-63;-63;-63;-62;-62;-58;-60;-60
6,9.6&e4:5f:01:63:71:e5,-69;-70;-68;-61;-63;-67;-66;-66;-65;-66;-68;-70;-70;-68;-64;-62;-62;-61;-60;-60;-61;-59;-59;-60;-63;-62;-61;-61;-61;-62;-64;-68;-68
6,10.8&e4:5f:01:63:71:e5,-63;-55;-55;-57;-57;-58;-58;-60;-65;-66;-70;-70;-76;-62;-61;-60;-60;-62;-62
-2.4,0&e4:5f:01:63:71:e5,-73;-73;-93;-73;-81;-74;-73;-72;-73;-76;-79;-78;-77;-76;-77;-76;-77;-78;-78;-84;-81;-80;-80;-80;-80;-79;-74;-74;-76;-76;-77;-77;-76;-76;-76
-2.4,1.2&e4:5f:01:63:71:e5,-81;-78;-78;-75;-72;-71;-78;-78;-73;-73;-74;-74;-73;-71;-71;-70;-71;-70;-69;-70;-70;-70;-69;-69;-68;-68;-68;-67;-67;-67;-67;-67;-66
-2.4,2.4&e4:5f:01:63:71:e5,-82;-91;-78;-83;-83;-77;-69;-67;-67;-67;-67;-67;-67;-67;-67;-67;-68;-68;-68;-67;-68;-69;-68;-67;-66;-66;-66;-66;-66
-2.4,3.6&e4:5f:01:63:71:e5,-75;-75;-72;-71;-72;-74;-76;-68;-69;-70;-70;-69;-68;-68;-69;-70;-69;-69;-69;-69;-69;-69;-69;-69;-69;-69;-69;-68;-67;-67;-67;-70;-70;-70;-68;-68
-2.4,4.8&e4:5f:01:63:71:e5,-72;-72;-75;-77;-72;-72;-72;-72;-71;-70;-70;-70;-70;-71;-71;-69;-68;-67;-67;-66;-67;-69;-69;-69;-69;-69;-69;-68;-68
-2.4,6&e4:5f:01:63:71:e5,-70;-69;-66;-66;-67;-67;-69;-71;-67;-67;-67;-66;-65;-67;-67;-66;-66;-67;-66;-66;-65;-65;-66;-67;-67;-68;-69;-69;-68;-67;-66;-67;-67;-67;-67;-68;-68;-67;-68;-67;-68;-68
-2.4,7.2&e4:5f:01:63:71:e5,-69;-70;-70;-74;-81;-77;-77;-78;-78;-77;-77;-76;-72;-72;-73;-72;-74;-75;-76;-70;-75;-70;-67;-71;-75
-2.4,8.4&e4:5f:01:63:71:e5,-67;-66;-68;-70;-72;-67;-72;-78;-78;-74;-75;-71;-69;-68;-70;-70;-69;-67;-66;-67;-66;-65;-65;-64;-63;-62;-62;-63;-63
-2.4,9.6&e4:5f:01:63:71:e5,-61;-61;-60;-59;-60;-60;-60;-60;-60;-59;-59;-60;-60;-60;-60;-60;-60;-60;-60;-60;-60;-60
-2.4,10.8&e4:5f:01:63:71:e5,-63;-71;-78;-75;-71;-68;-65;-68;-68;-67;-67;-67;-67;-65;-64;-64;-64;-64;-63;-62;-62;-62;-62;-62;-62;-62;-62;-62;-62;-62;-62;-63;-63;-63;-64;-68
-2.4,12&e4:5f:01:63:71:e5,-63;-63;-63;-63;-65;-66;-64;-61;-60;-60;-60;-62;-63;-63;-62;-62;-62;-61;-61;-61;-64;-65;-66;-65;-66;-69;-76;-70;-69;-70;-70;-69;-68;-65;-64
-2.4,13.2&e4:5f:01:63:71:e5,-69;-68;-69;-68;-68;-67;-67;-67;-66;-67;-68;-68;-68;-68;-67;-67;-67;-67;-67;-67;-67;-67;-67;-67;-67;-67;-66;-66;-66
-2.4,14.4&e4:5f:01:63:71:e5,-68;-70;-73;-77;-69;-69;-70;-86;-88;-75;-75;-70;-66;-67;-67;-67;-67;-67;-67;-67;-67;-67;-68;-68
-2.4,16.6&e4:5f:01:63:71:e5,-73;-70;-67;-67;-66;-67;-67;-67;-67;-68;-68;-67;-67;-67;-68;-68;-67;-67;-67;-67;-67;-66;-66;-65;-65;-65
-3.6,1.2&e4:5f:01:63:71:e5,-98;-96;-95;-99;-98;-97;-96;-95;-96;-94;-96;-96;-97;-97;-98;-96;-97;-96;-95;-97;-97;-97;-98;-96;-96;-96;-96;-95;-95;-95
-3.6,2.4&e4:5f:01:63:71:e5,-100;-100
-3.6,3.6&e4:5f:01:63:71:e5,-96;-96;-96;-96;-97;-98;-96;-95;-94;-94;-93;-93;-93;-93;-93;-95;-93;-93;-93;-94;-94;-93;-94;-94;-94;-95;-94;-94;-94;-94;-93;-94
-3.6,4.8&e4:5f:01:63:71:e5,-99;-98
-3.6,6&e4:5f:01:63:71:e5,-98;-94;-93;-92;-91;-91;-92;-91;-90;-91;-92;-93;-94;-95;-96;-100;-99;-95;-97;-96;-97;-98;-98;-98;-97
-3.6,7.2&e4:5f:01:63:71:e5,-95;-94;-98;-92;-96;-95;-94;-98;-99;-97;-96;-93;-94;-94;-95;-96;-93;-93;-94;-94;-94;-92;-91;-90;-90;-92;-91;-91;-92;-92;-100
-3.6,8.4&e4:5f:01:63:71:e5,-99;-96;-97;-97;-98;-97;-97;-98;-96;-93;-94;-94;-96;-95;-96;-97;-99
-3.6,9.6&e4:5f:01:63:71:e5,-96;-98;-94;-96;-97;-100;-97;-97;-99;-99;-96;-97;-96;-97
-3.6,10.8&e4:5f:01:63:71:e5,-95;-93;-95;-96;-98;-99;-100;-100;-100;-101;-97;-101;-101
-3.6,12&e4:5f:01:63:71:e5,-94;-90;-91;-90;-89;-88;-89;-88;-88;-88;-87;-88;-88;-89;-90;-88;-87;-87;-88;-89;-90;-89;-89;-90;-88;-89;-88;-87;-88;-87;-86;-86;-86;-88;-88;-88;-88;-89;-89;-89;-88;-88;-88;-89;-88;-88;-88;-88
-3.6,13.2&e4:5f:01:63:71:e5,-95;-94;-94;-95;-95;-97;-96;-97;-97;-96;-97;-97;-95
-3.6,15.6&e4:5f:01:63:71:e5,-96
0,1.2&e4:5f:01:63:71:64,-65;-65;-66;-65;-64;-65;-65;-65;-66;-66;-67;-68;-68;-68;-67;-67;-66;-66;-66;-65;-65;-65;-65;-64;-64
0,2.4&e4:5f:01:63:71:64,-65;-60;-58;-61;-61;-58;-65;-60;-57;-57;-56;-55;-55;-55;-55;-55;-56;-56;-57;-56;-56;-56;-56;-56;-56;-56;-56;-57;-57;-57;-57;-56;-56;-57;-58
0,3.6&e4:5f:01:63:71:64,-60;-60;-61;-61;-61;-62;-62;-62;-63;-63;-63;-65;-66;-66;-66;-66;-65;-65;-66;-66;-67;-65;-65;-65;-66;-66;-66;-66;-66;-66;-67;-66;-65;-66;-66
0,4.8&e4:5f:01:63:71:64,-60;-60;-62;-61;-62;-62;-61;-60;-60;-61;-61;-61;-61;-61;-61;-61;-61;-61;-61;-62;-62;-61;-61;-61;-61;-61;-62;-61;-61;-61;-62;-65;-61;-64;-68;-69;-68;-68;-69;-66;-68;-68;-68;-68
0,6&e4:5f:01:63:71:64,-65;-66;-67;-66;-64;-64;-65;-65;-66;-68;-68;-69;-69;-69;-69;-68;-68;-68;-69;-69;-68;-69;-68;-70;-72;-67;-65;-66;-68;-68;-67;-66;-65;-65;-65;-65;-65;-65
0,7.2&e4:5f:01:63:71:64,-66;-66;-66;-66;-67;-67;-68;-68;-68;-68;-68;-67;-67;-66;-66;-67;-65;-65;-65;-66;-66;-66;-66;-66;-65;-65;-65;-65;-65;-65;-65;-65;-65
0,8.4&e4:5f:01:63:71:64,-74;-85;-77;-74;-74;-75;-73;-72;-72;-74;-72;-72;-71;-72;-72;-72;-73;-72;-72;-72;-72;-71;-72;-73;-74;-74;-74;-74;-74;-74;-74;-71;-71
0,9.6&e4:5f:01:63:71:64,-74;-73;-74;-73;-77;-75;-75;-78;-74;-75;-74;-73;-71;-71;-71;-71;-71;-71;-73;-73;-74;-75;-75;-76;-77
0,10.8&e4:5f:01:63:71:64,-71;-83;-71;-71;-71;-81;-78;-77;-93;-88;-76;-80;-82;-90;-93;-84;-84;-83;-83;-86;-86;-86;-85;-84;-79;-80;-85
0,12&e4:5f:01:63:71:64,-70;-68;-67;-76;-77;-79;-71;-77;-70;-74;-84;-78;-84;-87;-83;-73;-68;-66;-65;-66;-66;-67;-68;-68;-68;-68;-68;-68;-68;-68;-68;-68;-68
-1.2,12&e4:5f:01:63:71:64,-72;-71;-67;-68;-70;-69;-72;-74;-75;-76;-77;-75;-75;-75;-75;-75;-74;-74;-74;-74;-74;-74;-72;-71;-71;-77;-79;-76;-75;-75;-77
-1.2,14.2&e4:5f:01:63:71:64,-78;-82;-86;-96;-93;-87;-79;-76;-85;-86;-82;-82;-80;-74;-74;-73;-73;-73;-73;-73;-73;-74;-74;-74;-74;-74;-75;-76;-77;-76;-75
-1.2,15.4&e4:5f:01:63:71:64,-88;-86;-76;-70;-69;-70;-69;-69;-70;-70;-72;-72;-76;-77;-77;-76;-77;-77;-77;-78;-78;-77;-78;-78;-78;-78;-78;-79;-79;-80;-79;-79;-78;-79;-81;-81;-83;-81
-1.2,16.6&e4:5f:01:63:71:64,-72;-69;-73;-73;-72;-73;-74;-74;-73;-73;-72;-73;-73;-74;-74;-74;-75;-75;-75;-75;-73;-73;-83;-77;-77;-77;-76;-76;-76
-1.2,17.8&e4:5f:01:63:71:64,-79;-84;-83;-82;-83;-81;-82;-86;-88;-85;-80;-79;-77;-77;-77;-78;-78;-77;-76;-76;-75;-76;-76;-78;-79;-79;-80;-83
-1.2,19&e4:5f:01:63:71:64,-75;-77;-74;-81;-80;-81;-86;-80;-74;-74;-74;-74;-75;-76;-77;-79;-81;-82;-78;-77;-76;-75;-74;-75;-76;-76;-77;-76;-76
-1.2,10.8&e4:5f:01:63:71:64,-75;-77;-81;-68;-67;-69;-70;-68;-69;-69;-81;-83;-85;-86;-84;-82;-78;-73;-73;-73;-72;-76;-72;-74;-75;-75;-75;-75;-78;-82;-89;-78
-1.2,9.6&e4:5f:01:63:71:64,-71;-67;-71;-71;-72;-73;-73;-73;-73;-74;-77;-77;-77;-76;-75;-75;-74;-75;-74;-73;-74;-74;-74;-74;-74;-74;-74;-74
-1.2,8.4&e4:5f:01:63:71:64,-68;-70;-70;-70;-70;-70;-71;-72;-72;-73;-72;-72;-74;-73;-74;-73;-72;-72;-73;-73;-72
-1.2,7.2&e4:5f:01:63:71:64,-72;-72;-72;-73;-75;-73;-73;-73;-74;-72;-70;-70;-69;-69;-70;-71;-70;-71;-72;-73;-72;-73;-73;-73;-72;-72;-72;-74;-71
-1.2,0&e4:5f:01:63:71:64,-79;-76;-72;-70;-72;-69;-67;-67;-69;-68;-68;-69;-68;-68;-69;-71;-71;-71;-71
-1.2,1.2&e4:5f:01:63:71:64,-65;-64;-60;-60;-62;-63;-65;-61;-61;-60;-60;-63;-63;-63;-63;-63;-61;-64;-63;-61;-64;-63
-1.2,2.4&e4:5f:01:63:71:64,-67;-65;-66;-64;-64;-64;-64;-64;-63;-63;-64;-64;-64;-61;-62;-62;-63;-63;-63;-63;-62;-69;-70;-70;-71;-75;-74;-74
-1.2,3.6&e4:5f:01:63:71:64,-60;-61;-60;-62;-64;-65;-67;-67;-69;-68;-69;-74;-69;-66;-66;-65
-1.2,4.8&e4:5f:01:63:71:64,-66;-68;-60;-61;-64;-66;-67;-66;-66;-66;-67;-67;-67;-67;-67;-66;-65;-65;-65;-65;-65;-64;-65;-65;-65;-66;-66;-66;-63;-62;-63;-63;-62;-61;-61
-1.2,4.8&e4:5f:01:63:71:64,-66;-66;-70;-66;-65;-69;-74;-76;-67;-68;-67;-67;-66;-67;-67;-68;-68;-68;-68;-68;-68;-68;-68;-68;-68
-1.2,6&e4:5f:01:63:71:64,-69;-68;-73;-69;-65;-66;-66;-69;-68;-71;-71;-77;-74;-74;-71;-71;-73;-72;-71;-71;-70;-70;-71;-71;-79;-83;-82;-83
1.2,1.2&e4:5f:01:63:71:64,-66;-68;-68;-67;-66;-67;-66;-67;-66;-67;-67;-67;-73;-77;-82;-88;-80;-80;-80;-74;-73;-72;-72;-72;-76;-75;-85;-81;-78;-78;-83
1.2,2.4&e4:5f:01:63:71:64,-60;-61;-60;-60;-59;-60;-61;-60;-59;-59;-59;-59;-59;-60;-60;-60;-60;-60;-60;-60;-61;-60;-61;-60;-60;-60;-61;-63;-64;-63;-64;-65;-68
1.2,3.6&e4:5f:01:63:71:64,-79;-71;-67;-66;-74;-73;-74;-71;-66;-66;-65;-69;-66;-65;-69;-70;-74;-74;-74;-70;-68;-67
1.2,4.8&e4:5f:01:63:71:64,-67;-74;-73;-68;-65;-67;-67;-68;-69;-71;-71;-73;-73;-74;-73;-72;-76;-80;-72;-71;-68;-68;-68;-67
1.2,6&e4:5f:01:63:71:64,-75;-82;-78;-83;-91;-92;-93;-83;-83;-80;-79;-77;-79;-74;-74;-76;-77;-75;-74;-75;-74;-73;-76;-78;-76;-74;-75;-74;-74;-74;-74
1.2,7.2&e4:5f:01:63:71:64,-76;-75;-76;-75;-75;-76;-71;-71;-70;-73;-74;-73;-73;-73;-76;-79;-80;-80;-82;-82;-81;-80;-80;-79;-77;-77;-76;-76;-74;-72;-71;-71;-71;-71;-71;-74
1.2,8.4&e4:5f:01:63:71:64,-63;-61;-64;-62;-66;-66;-67;-66;-65;-65;-62;-61;-62;-63;-63;-62;-62;-62;-63;-64;-66;-65;-65;-66;-66
1.2,9.6&e4:5f:01:63:71:64,-63;-64;-64;-64;-64;-64;-64;-64;-64;-64;-64;-64;-63;-63;-64;-63;-63;-63;-63;-63;-63;-63;-63;-63;-64;-64;-64;-64;-65;-64;-64
1.2,10.8&e4:5f:01:63:71:64,-76;-73;-83;-66;-67;-71;-70;-70;-68;-67;-68;-68;-68;-71;-71;-72;-72;-72;-72;-72;-72;-70;-70;-73;-74;-74;-75
2.4,10.8&e4:5f:01:63:71:64,-73;-75;-71;-67;-67;-66;-66;-67;-67;-70;-72;-72;-76;-76;-75;-76;-76;-82;-82;-81;-90;-80;-76;-74;-73;-74;-74;-78
2.4,9.6&e4:5f:01:63:71:64,-65;-67;-68;-68;-67;-65;-65;-65;-65;-65;-65;-65;-64;-64;-65;-64;-64;-64;-64;-65;-65;-65;-66;-66;-66;-66;-67;-67;-67;-67;-68;-68;-68;-68;-68;-68;-68;-68;-67;-67
2.4,8.4&e4:5f:01:63:71:64,-63;-62;-64;-67;-71;-70;-70;-72;-74;-73;-72;-72;-70;-70;-67;-66;-67;-68;-68;-68;-67;-70;-71;-69;-68;-66
2.4,7.2&e4:5f:01:63:71:64,-70;-71;-72;-70;-73;-73;-72;-73;-72;-72;-72;-71;-72;-73;-70;-69;-76;-74;-82;-79;-74;-73;-74;-74;-75;-70;-70;-76;-75;-78;-84;-82;-83;-81;-83
2.4,6&e4:5f:01:63:71:64,-79;-77;-69;-70;-69;-67;-68;-69;-70;-72;-73;-83;-81;-78;-78;-77;-79;-76;-73;-66;-65;-66;-66;-66;-66;-67;-67;-66;-67;-67;-66;-66;-66;-66;-66;-67;-67
2.4,4.8&e4:5f:01:63:71:64,-69;-65;-64;-66;-73;-60;-60;-63;-67;-64;-63;-63;-64;-64;-63;-64;-67;-67;-72;-70;-70;-69;-67;-65;-65
2.4,3.6&e4:5f:01:63:71:64,-60;-59;-60;-60;-61;-61;-61;-61;-61;-61;-61;-60;-61;-61;-61;-60;-63;-62;-65;-65;-65;-66;-65;-65;-66;-66;-67;-67;-67;-66;-65
2.4,2.4&e4:5f:01:63:71:64,-62;-60;-60;-62;-64;-64;-63;-75;-71;-65;-69;-74;-74;-69;-68;-74;-79;-80;-84;-76;-74;-76;-73;-70;-67;-67;-69;-67;-67;-69;-74;-68;-67;-68;-68
2.4,1.2&e4:5f:01:63:71:64,-63;-60;-63;-67;-67;-67;-67;-66;-64;-64;-64;-62;-63;-63;-62;-62;-62;-63;-63;-63;-63;-63;-63;-62;-62;-61;-61
3.6,1.2&e4:5f:01:63:71:64,-60;-63;-62;-61;-61;-62;-63;-66;-67;-67;-66;-65;-65;-66;-67;-67;-68;-69;-74;-74;-73;-76;-72;-73;-74;-71;-71;-71;-71;-71;-71;-71;-71;-70;-69;-69
3.6,2.4&e4:5f:01:63:71:64,-58;-59;-59;-60;-60;-60;-58;-59;-62;-62;-62;-62;-62;-62;-61;-59;-60;-60;-60;-61;-62;-62;-63;-64;-64;-64;-64;-63;-63;-63;-64;-64;-70
3.6,3.6&e4:5f:01:63:71:64,-72;-65;-67;-68;-69;-70;-69;-71;-69;-68;-68;-69;-66;-70;-70;-71;-71;-65;-67;-69;-69;-70;-69;-69;-69;-72
3.6,4.8&e4:5f:01:63:71:64,-63;-67;-65;-65;-64;-62;-62;-61;-61;-60;-60;-60;-59;-60;-61;-62;-64;-66;-65;-63;-62;-61;-61;-61;-61;-62;-62;-62;-63;-63;-62;-63;-61
3.6,6&e4:5f:01:63:71:64,-63;-64;-73;-78;-76;-76;-78;-79;-74;-72;-70;-70;-69;-67;-67;-67;-72;-71;-70;-70;-70;-70;-70;-70;-74;-71;-71
3.6,7.2&e4:5f:01:63:71:64,-73;-72;-71;-70;-69;-70;-76;-76;-76;-72;-71;-74;-79;-83;-73;-68;-77;-76;-77;-78;-78;-92;-66;-66;-65;-65
3.6,8.4&e4:5f:01:63:71:64,-69;-69;-69;-68;-68;-68;-68;-68;-68;-68;-69;-69;-69;-69;-69;-70;-70;-71;-71;-71;-71;-71;-71;-71;-72;-72;-73;-73;-75;-76
3.6,9.6&e4:5f:01:63:71:64,-63;-64;-64;-66;-65;-64;-64;-62;-64;-63;-63;-64;-64;-63;-64;-64;-63;-64;-64;-63;-65;-62;-65;-65;-65;-65;-65;-66
3.6,10.8&e4:5f:01:63:71:64,-80;-73;-75;-66;-72;-74;-77;-78;-86;-84;-79;-79;-78;-76;-75;-75;-76;-77;-78;-79;-80;-80;-78;-77;-76;-75;-76;-76;-76;-75;-76;-75;-74;-72;-70;-69;-67;-66;-66;-64;-63;-64
4.8,10.8&e4:5f:01:63:71:64,-72;-74;-83;-79;-74;-73;-69;-72;-74;-73;-72;-71;-72;-71;-70;-70;-70;-69;-67;-68;-68;-68;-69;-70;-71;-76
4.8,9.6&e4:5f:01:63:71:64,-76;-78;-71;-76;-81;-81;-77;-73;-72;-68;-70;-71;-68;-69;-72;-73;-73;-73;-74;-74;-74;-73;-74;-78;-84;-88;-84;-88;-83;-73;-74;-76;-77;-82;-75;-76;-74;-74
4.8,8.4&e4:5f:01:63:71:64,-68;-68;-67;-68;-71;-72;-72;-72;-72;-75;-85;-92;-81;-76;-65;-64;-66;-78;-84;-75;-73;-73;-68;-66;-66;-66;-67;-70;-72;-75;-75
4.8,7.2&e4:5f:01:63:71:64,-71;-66;-63;-64;-64;-64;-63;-63;-65;-67;-67;-67;-67;-67;-66;-66;-64;-64;-64;-63;-63;-64;-64;-64;-64;-70;-71;-72;-72;-71
4.8,6&e4:5f:01:63:71:64,-72;-72;-77;-70;-73;-77;-65;-66;-64;-65;-65;-63;-63;-63;-64;-65;-65;-66;-68;-68;-68;-67;-67;-66;-66;-63;-61;-62
4.8,4.8&e4:5f:01:63:71:64,-58;-58;-60;-61;-64;-67;-71;-74;-65;-66;-67;-67;-66;-66;-72;-74;-73;-70;-65;-64;-65;-66;-66;-69;-69;-80;-64;-61;-60;-60
4.8,3.6&e4:5f:01:63:71:64,-72;-69;-69;-69;-72;-69;-60;-59;-59;-63;-61;-58;-60;-64;-68;-73;-69;-66;-66;-67;-70;-71;-71;-73;-76;-68;-63;-66;-62;-62;-59;-59
4.8,2.4&e4:5f:01:63:71:64,-58;-59;-58;-57;-61;-61;-64;-60;-57;-57;-56;-56;-54;-55;-55;-56;-56;-56;-56;-57;-59;-57;-59;-59;-58;-58;-57;-61;-63;-66;-64
4.8,1.2&e4:5f:01:63:71:64,-61;-60;-58;-56;-58;-55;-58;-59;-65;-67;-65;-65;-66;-71;-70;-58;-58;-57;-58;-57;-56;-58;-61;-62
6,1.2&e4:5f:01:63:71:64,-54;-55;-57;-59;-67;-61;-62;-59;-58;-57;-57;-56;-56;-56;-56;-57;-57;-58;-57;-57;-56;-56;-56;-54;-54;-54;-54;-54;-54;-54;-54;-54;-54;-53;-54;-54;-54
6,2.4&e4:5f:01:63:71:64,-52;-53;-55;-53;-52;-53;-53;-51;-51;-50;-50;-50;-49;-49;-50;-49;-50;-51;-52;-52;-52;-51;-51;-50;-50;-50;-50;-49;-50;-50;-49;-49;-46;-46;-46;-46
6,3.6&e4:5f:01:63:71:64,-60;-58;-58;-55;-55;-55;-55;-53;-55;-56;-56;-56;-56;-59;-67;-68;-67;-65;-63;-63;-77;-71;-71;-74;-74;-73;-65;-62;-59
6,4.8&e4:5f:01:63:71:64,-61;-62;-62;-61;-62;-60;-60;-60;-60;-60;-61;-62;-63;-62;-64;-64;-62;-62;-65;-64;-62;-63;-63;-61;-61;-61;-60;-60;-61;-61;-61;-62;-62;-62;-62;-62;-62
6,6&e4:5f:01:63:71:64,-61;-62;-64;-67;-68;-68;-66;-67;-68;-68;-67;-66;-67;-68;-67;-67;-68
6,7.2&e4:5f:01:63:71:64,-71;-71;-72;-70;-74;-73;-69;-67;-62;-62;-63;-63;-64;-65;-64;-64;-64;-66;-67;-69;-70;-71;-72;-73;-74;-75;-74;-73;-73;-72;-69;-67;-62;-61;-61;-61;-61;-62;-63
6,8.4&e4:5f:01:63:71:64,-79;-73;-88;-65;-63;-65;-66;-67;-67;-67;-65;-62;-62;-62;-63;-62;-62;-62;-62;-62;-62;-62;-62;-63;-64
6,9.6&e4:5f:01:63:71:64,-67;-70;-71;-71;-70;-73;-73;-82;-76;-75;-73;-65;-66;-66;-66;-66;-67;-66;-66;-65;-66;-67;-66;-66;-67;-67;-68;-69;-69;-68
6,10.8&e4:5f:01:63:71:64,-65;-65;-70;-71;-74;-80;-79;-73;-72;-77;-75;-71;-70;-69;-70;-67;-67;-67;-65;-66;-66;-66;-66;-66;-66;-66;-66;-66;-66;-66;-67;-68;-72;-76;-78;-82
-2.4,0&e4:5f:01:63:71:64,-70;-73;-63;-68;-63;-63;-63;-62;-62;-62;-67;-67;-67;-65;-65;-65;-65;-65;-66;-65;-65;-65;-65;-65;-67;-67;-66;-64;-63;-63;-65;-65;-65;-65;-65;-65;-65
-2.4,1.2&e4:5f:01:63:71:64,-67;-69;-69;-69;-71;-74;-77;-78;-72;-65;-64;-70;-75;-74;-72;-73;-72;-68;-66;-64;-63;-62;-62;-61;-61;-62;-62;-62;-64;-66
-2.4,2.4&e4:5f:01:63:71:64,-68;-69;-70;-67;-66;-66;-67;-66;-66;-67;-72;-70;-69;-69;-69;-70;-69;-68;-70;-71;-70;-70;-70;-71;-69;-69;-70;-72;-75
-2.4,3.6&e4:5f:01:63:71:64,-67;-71;-71;-77;-79;-82;-78;-81;-84;-80;-81;-80;-77;-81;-88;-81;-87;-90;-82;-84;-90;-81;-71;-66;-64;-63;-63;-63;-62;-62;-62;-62;-63
-2.4,4.8&e4:5f:01:63:71:64,-71;-64;-64;-65;-66;-66;-66;-65;-65;-66;-66;-65;-65;-64;-64;-64;-64;-63;-63;-62;-62;-63
-2.4,6&e4:5f:01:63:71:64,-71;-69;-69;-68;-67;-70;-67;-65;-66;-67;-67;-66;-67;-69;-70;-71;-71;-69;-69;-66;-64;-64;-64;-64;-64;-64;-64
-2.4,7.2&e4:5f:01:63:71:64,-67;-67;-66;-66;-66;-67;-67;-67;-67;-67;-67;-67;-68;-68;-68;-68;-67;-68;-69;-69;-69;-69;-69;-68;-69;-68;-66;-76;-71;-67;-66;-66;-66
-2.4,8.4&e4:5f:01:63:71:64,-74;-72;-70;-66;-66;-66;-66;-70;-71;-72;-71;-71;-71;-71;-72;-72;-72;-73;-72;-70;-70;-69;-68
-2.4,9.6&e4:5f:01:63:71:64,-73;-73;-73;-73;-76;-71;-72;-73;-73;-73;-72;-72;-72;-73;-73;-74;-75;-74;-74;-73;-73;-74;-73;-73;-73;-73
-2.4,10.8&e4:5f:01:63:71:64,-71;-72;-70;-72;-71;-72;-72;-71;-69;-68;-69;-70;-73;-76;-76;-74;-75;-75;-75;-75;-74;-73;-72;-73;-73;-73;-73;-72;-72;-72;-72;-72;-72;-72;-72;-72;-72;-73;-73;-72;-69
-2.4,12&e4:5f:01:63:71:64,-78;-79;-80;-75;-73;-70;-69;-68;-68;-69;-72;-74;-78;-82;-89;-84;-88;-86;-78;-70;-68;-68;-69;-68;-68;-69;-72;-75;-74;-72;-71;-71;-71;-69;-69;-68;-69
-2.4,13.2&e4:5f:01:63:71:64,-66;-64;-64;-65;-65;-64;-66;-66;-66;-66;-66;-65;-65;-65;-66;-66;-66;-66;-67;-66;-66;-67;-67;-66;-66;-66;-66;-66
-2.4,14.4&e4:5f:01:63:71:64,-72;-76;-83;-83;-79;-71;-69;-68;-69;-71;-71;-73;-77;-77;-76;-77;-77;-78;-77;-76;-76;-75;-74;-74;-73;-72;-71;-70;-70;-70;-72;-72;-72;-73;-73;-73;-73
-2.4,16.6&e4:5f:01:63:71:64,-77;-72;-74;-75;-73;-76;-77;-77;-77;-75;-74;-74;-75;-75;-75;-75;-75;-75;-74;-76;-76;-77;-75;-75
-3.6,0&e4:5f:01:63:71:64,-95
-3.6,1.2&e4:5f:01:63:71:64,-97;-95;-98;-99;-99;-95;-97;-96;-94;-93;-95;-94;-94;-95;-96;-98;-99;-99;-99;-100;-97;-98;-97;-97;-97;-96;-96;-96;-96;-96;-95
-3.6,2.4&e4:5f:01:63:71:64,-91;-91;-90;-91;-91;-92;-92;-93;-92;-91;-91;-91;-91;-91;-91;-91;-91;-90;-91;-93;-93;-94;-95;-96;-95;-95;-94;-93;-94;-93;-93;-93;-93;-93;-94;-93;-93;-94;-93;-93;-94;-93;-94
-3.6,3.6&e4:5f:01:63:71:64,-91;-88;-88;-88;-88;-89;-89;-90;-92;-92;-92;-93;-93;-92;-92;-93;-93;-93;-93;-93;-93;-94;-92;-93;-93;-92;-92;-91;-92;-92;-92;-91;-91;-91;-91;-92;-91;-90;-91;-92
-3.6,4.8&e4:5f:01:63:71:64,-99;-97;-98;-97;-97;-97;-97;-96;-95;-96;-95;-96;-95;-98;-99;-99;-97;-98;-97;-98;-95
-3.6,6&e4:5f:01:63:71:64,-94;-95;-94;-94;-94;-93;-93;-93;-92;-93;-93;-93;-92;-91;-92;-92;-92;-92;-93;-95;-95;-95;-96;-94;-94;-95;-94;-94;-95;-96;-96;-95;-95;-96;-95;-96;-97;-100;-98;-96
-3.6,7.2&e4:5f:01:63:71:64,-97;-96;-97;-97;-98;-99;-99;-99
-3.6,8.4&e4:5f:01:63:71:64,-99;-98;-98;-101
-3.6,9.6&e4:5f:01:63:71:64,-101
-3.6,10.8&e4:5f:01:63:71:64,-98;-100;-98;-98;-98;-97;-96;-96;-94;-94;-95;-94;-94;-94;-95;-95;-96;-96;-95;-94;-94;-93;-94;-94;-94;-94;-94;-95;-95;-94;-94;-95;-94;-95;-95
-3.6,12&e4:5f:01:63:71:64,-94;-94;-94;-93;-94;-94;-96;-95;-94;-94;-93;-95;-96;-96;-96;-96;-98
-3.6,13.2&e4:5f:01:63:71:64,-98
-3.6,15.6&e4:5f:01:63:71:64,-96;-95;-95;-98;-95;-95;-95;-95;-94;-94;-95
0,1.2&e4:5f:01:63:71:55,-98;-97;-97;-96;-96;-95;-96;-95;-97;-97;-96;-98;-97
0,2.4&e4:5f:01:63:71:55,-95;-91;-95;-95;-95;-97;-99;-101;-98
0,3.6&e4:5f:01:63:71:55,-92;-92;-92;-91;-92;-90;-90;-90;-89;-89;-91;-90;-90;-90;-90;-90;-90;-90;-89;-90;-90;-91;-91;-91;-90
0,4.8&e4:5f:01:63:71:55,-99;-94;-92;-93;-92;-94;-94;-98;-101;-100
0,6&e4:5f:01:63:71:55,-93;-93;-93;-92;-92;-91;-92;-93;-92;-92;-98;-93;-92;-98;-99;-98
0,7.2&e4:5f:01:63:71:55,-95;-94;-97;-97;-94;-93;-94;-94;-93;-94;-94;-94;-93;-92;-93;-93;-93;-93;-92;-93;-93;-93;-93;-94;-94;-94;-92;-93;-93;-92;-91
0,10.8&e4:5f:01:63:71:55,-97;-99;-101;-97;-97;-100;-95;-97;-99;-97;-98;-98;-98
0,12&e4:5f:01:63:71:55,-98;-101;-100;-99;-97;-98;-99;-99;-97
-1.2,14.2&e4:5f:01:63:71:55,-96;-96;-98;-97;-99;-100;-99
-1.2,15.4&e4:5f:01:63:71:55,-99;-96;-96;-98;-97;-99;-100;-99
-1.2,16.6&e4:5f:01:63:71:55,-104;-101;-99;-99;-99;-98;-100
-1.2,17.8&e4:5f:01:63:71:55,-104
-1.2,19&e4:5f:01:63:71:55,-101;-100;-99;-99;-98;-102;-99;-98;-98;-97;-97;-97;-96;-98;-97
-1.2,10.8&e4:5f:01:63:71:55,-92;-94;-95;-95;-95;-94;-97;-94;-97;-99;-96
-1.2,9.6&e4:5f:01:63:71:55,-101;-99;-100;-100;-99;-99;-99
-1.2,8.4&e4:5f:01:63:71:55,-94;-99;-100;-97;-94;-94;-94;-94;-94;-94;-94;-94;-94
-1.2,7.2&e4:5f:01:63:71:55,-91;-94;-96;-96;-96;-93;-92;-92;-92;-93;-93;-93;-93;-93;-94;-97;-97;-96;-97;-98;-96;-96;-96;-97;-96;-96;-99;-93
-1.2,2.4&e4:5f:01:63:71:55,-101;-98;-96;-95;-97;-96;-96
-1.2,3.6&e4:5f:01:63:71:55,-95;-94;-94;-92;-93;-93;-96;-97;-97;-97;-97;-96;-96;-96;-96;-95;-95;-96;-96
-1.2,4.8&e4:5f:01:63:71:55,-90;-92;-93;-93;-94;-93;-93;-93;-95;-95;-96;-96;-99;-96;-94;-97;-96;-95;-93
-1.2,4.8&e4:5f:01:63:71:55,-96;-95;-93;-94;-94;-94;-95;-93;-94;-93;-93;-93;-93;-94;-94;-94;-93
-1.2,6&e4:5f:01:63:71:55,-94;-93;-90;-91;-95;-96;-93;-94;-92;-93;-94;-95;-94;-90;-89;-89;-88;-88;-88
1.2,1.2&e4:5f:01:63:71:55,-96;-96;-95;-95;-94;-94;-93;-92;-90;-90;-91;-91;-91;-91;-91;-91;-89;-89;-89;-90
1.2,3.6&e4:5f:01:63:71:55,-99
1.2,4.8&e4:5f:01:63:71:55,-98;-100;-97;-97;-95;-97;-96
1.2,6&e4:5f:01:63:71:55,-99;-99;-102;-97;-95;-94;-93;-92;-94;-93;-92;-92;-91;-91;-91;-91;-90;-90;-90;-90;-90;-90;-90;-90;-90;-90;-90;-90;-90
1.2,7.2&e4:5f:01:63:71:55,-96;-97;-101;-100;-99;-99;-97;-96
1.2,8.4&e4:5f:01:63:71:55,-93;-95;-95;-103;-99;-98;-95;-95;-95;-97;-98;-96;-96;-95;-95;-95;-95;-96;-95;-100;-101;-103;-102;-101
1.2,9.6&e4:5f:01:63:71:55,-96;-97;-99;-95;-96;-96;-96;-96;-96;-97;-96;-96;-94
1.2,10.8&e4:5f:01:63:71:55,-91;-91;-91;-92;-96;-98;-97;-97;-97;-98;-96;-96;-98;-97;-97;-98;-96;-96;-95;-95;-95;-95;-95;-95;-96;-95;-96;-98;-102
2.4,10.8&e4:5f:01:63:71:55,-102
2.4,9.6&e4:5f:01:63:71:55,-96;-97;-97;-96;-97;-96;-96;-97;-97;-97;-97;-99;-100
2.4,8.4&e4:5f:01:63:71:55,-94;-94;-94;-89;-91;-90;-91;-92;-95;-94;-94;-92;-92;-92;-92;-91;-91;-90;-90;-90;-93;-95
2.4,7.2&e4:5f:01:63:71:55,-94;-94;-97;-97;-96;-97;-97;-97;-97;-96;-98;-92;-90;-90;-90;-90;-90;-91;-93;-93;-95;-92;-92;-92;-92;-92;-91;-91;-91;-90
2.4,6&e4:5f:01:63:71:55,-93;-94;-93;-93;-94;-94;-95;-93;-93;-93;-96;-97;-97;-98;-98
2.4,3.6&e4:5f:01:63:71:55,-99
2.4,2.4&e4:5f:01:63:71:55,-103;-101;-104;-102;-102;-100;-99
2.4,1.2&e4:5f:01:63:71:55,-96;-95;-96;-97;-96;-97;-98;-97;-97;-98;-98;-99;-100;-97;-98;-98;-98;-100
3.6,1.2&e4:5f:01:63:71:55,-100;-97;-99;-99;-98;-97;-97;-95;-96;-95;-95;-95;-95
3.6,2.4&e4:5f:01:63:71:55,-101;-99;-100;-96;-97
3.6,4.8&e4:5f:01:63:71:55,-97;-99;-96;-95;-93;-92;-93;-93;-92;-91;-91;-92;-94;-96;-96;-97;-96;-96;-92
3.6,6&e4:5f:01:63:71:55,-99;-96;-96;-96;-96;-97;-95;-96;-97;-98;-97;-98;-97;-96;-95;-96;-99
3.6,7.2&e4:5f:01:63:71:55,-98;-98;-98;-97;-98;-97;-95;-94;-94;-95;-94;-96;-101;-100;-101;-98
3.6,8.4&e4:5f:01:63:71:55,-101;-99;-100;-100;-103;-102;-101;-101;-103;-101;-100;-98;-98;-99;-98;-97;-96
3.6,9.6&e4:5f:01:63:71:55,-93;-92;-92;-93;-93;-96;-94;-93;-93;-94;-94;-93;-92;-93;-93;-94;-93;-94;-91;-93;-94;-92;-92;-91;-92;-92
3.6,10.8&e4:5f:01:63:71:55,-98;-99;-98;-101;-99;-100;-99;-96;-94;-93
4.8,10.8&e4:5f:01:63:71:55,-96;-96;-94;-94;-93;-94;-93;-93;-93;-93;-93;-93;-97;-97;-98;-96;-96;-95;-95;-95;-95;-95;-94;-94;-93;-95;-95;-95;-96;-96;-96;-96;-97;-98;-97;-98
4.8,9.6&e4:5f:01:63:71:55,-103;-101;-99;-96;-97;-96;-97;-97;-99;-96;-98;-95;-96;-97;-98;-97;-95;-96;-97;-97;-96;-95
4.8,8.4&e4:5f:01:63:71:55,-102;-98;-98;-97;-100;-100;-101;-100;-99;-96;-102;-98;-98;-96;-98;-97
4.8,7.2&e4:5f:01:63:71:55,-99;-100;-93;-101;-97;-97
4.8,6&e4:5f:01:63:71:55,-97;-95;-98;-100
4.8,4.8&e4:5f:01:63:71:55,-97;-95;-96;-95;-94;-96;-99;-98
4.8,3.6&e4:5f:01:63:71:55,-99;-97;-100
4.8,2.4&e4:5f:01:63:71:55,-98;-96;-97;-103;-100;-102;-100;-99;-100;-98;-98;-100;-101;-98
4.8,1.2&e4:5f:01:63:71:55,-97;-99
6,1.2&e4:5f:01:63:71:55,-99;-98;-100;-97;-96;-97;-97;-97;-96;-96;-96;-100;-97;-98;-97;-96;-97
6,2.4&e4:5f:01:63:71:55,-98;-94;-94;-94;-94;-95;-96;-96;-96;-95;-95;-95;-95;-95;-95;-95
6,3.6&e4:5f:01:63:71:55,-92;-95;-95;-98;-99;-99;-94;-95;-96;-98;-97;-96;-96;-101
6,6&e4:5f:01:63:71:55,-96;-96;-96;-96;-97;-96;-95;-95;-95;-96;-93;-95;-95;-95;-95;-96;-95;-95;-95;-96;-95;-96;-95;-95;-96;-95
6,7.2&e4:5f:01:63:71:55,-94;-95;-94;-92;-93;-91;-94;-95;-95;-94;-92;-91;-91;-92;-92;-92;-92;-91;-91;-91;-90;-91;-89;-89;-89;-89
6,8.4&e4:5f:01:63:71:55,-96;-94;-94;-94;-93;-93;-92;-92;-92;-93;-94;-94;-95;-94;-95;-94;-95;-96;-94;-96
6,9.6&e4:5f:01:63:71:55,-93;-95;-98;-99;-98;-97;-95;-96;-95;-97;-96;-95;-94;-94;-97;-96;-97
6,10.8&e4:5f:01:63:71:55,-95;-97;-98;-96;-96;-97;-95;-98;-99;-98
-2.4,2.4&e4:5f:01:63:71:55,-96;-98;-97;-93;-94;-97;-99;-96;-96;-99;-101;-99;-95;-100;-98;-101;-101
-2.4,3.6&e4:5f:01:63:71:55,-97;-97;-99
-2.4,4.8&e4:5f:01:63:71:55,-96;-96;-96;-96;-95;-96;-94;-92;-93;-93;-92;-93;-93
-2.4,7.2&e4:5f:01:63:71:55,-96;-93;-92;-93;-92;-91;-91;-91;-92;-91;-92;-92;-93;-94;-92;-93;-92;-93;-91;-93;-93;-93;-92;-86
-2.4,8.4&e4:5f:01:63:71:55,-90;-89;-92;-91;-93;-93;-88;-87;-85;-85;-85;-84;-84;-84;-84;-85;-86;-86;-85;-84;-85;-86
-2.4,9.6&e4:5f:01:63:71:55,-95;-96;-96;-96;-99;-99;-98;-97;-98
-2.4,10.8&e4:5f:01:63:71:55,-89;-90;-90;-90;-95;-97;-96;-95;-96;-95;-94;-96
-2.4,12&e4:5f:01:63:71:55,-99;-94;-93;-93;-91;-91;-90;-90;-88;-89;-89;-91;-91;-92;-92;-91;-89;-90;-90;-93;-93;-96;-92;-92;-93
-2.4,13.2&e4:5f:01:63:71:55,-97;-97;-96;-96;-97;-96;-97;-97;-96
-2.4,14.4&e4:5f:01:63:71:55,-98;-98
-3.6,0&e4:5f:01:63:71:55,-82;-83;-79;-80;-80;-84;-82;-82;-83;-84;-83;-83;-84;-83;-81;-83;-92;-82;-81;-82;-84;-84;-85;-85;-84;-81;-83;-85;-88;-96;-93;-88;-86;-91;-90;-87;-87;-90;-87;-86;-85
-3.6,1.2&e4:5f:01:63:71:55,-83;-91;-86;-93;-84;-83;-86;-89;-91;-95;-97;-95;-86;-84;-83;-83;-82;-87;-89;-87;-86;-85;-84;-82;-82;-84;-96;-91;-87;-85;-85;-86;-88;-88;-89;-92;-94;-94;-93;-93
-3.6,2.4&e4:5f:01:63:71:55,-81;-86;-82;-84;-76;-77;-77;-76;-77;-77;-76;-76;-76;-76;-76;-75;-76;-75;-75;-75;-77;-78;-84;-78;-78;-78;-80;-81;-81;-82;-82;-81;-81;-81;-80;-80;-80;-80;-79;-79;-79;-80;-79;-79;-79;-79
-3.6,3.6&e4:5f:01:63:71:55,-77;-75;-77;-76;-73;-74;-74;-76;-76;-78;-78;-79;-77;-78;-79;-79;-79;-79;-79;-82;-81;-81;-83;-83;-82;-82;-82;-82;-83;-83;-82;-82;-82;-82;-82;-82;-82;-84;-85;-84;-83;-84
-3.6,4.8&e4:5f:01:63:71:55,-71;-69;-70;-70;-66;-66;-68;-69;-69;-70;-70;-70;-70;-69;-70;-71;-71;-71;-70;-70;-70;-70;-71;-72;-72;-73;-73;-73;-73;-72;-72;-72;-74;-75;-76;-79;-79;-79;-79;-79;-79;-82;-82;-83;-83
-3.6,6&e4:5f:01:63:71:55,-67;-74;-78;-73;-72;-72;-73;-73;-70;-68;-68;-68;-68;-70;-71;-72;-73;-74;-71;-76;-76;-76;-74;-73;-75;-74;-73;-74;-74;-74;-75;-76;-79;-82;-84;-82;-83;-81;-81;-78;-78
-3.6,7.2&e4:5f:01:63:71:55,-79;-82;-75;-77;-74;-71;-65;-62;-62;-62;-61;-61;-60;-59;-59;-59;-61;-65;-68;-71;-72;-70;-70;-69;-67;-67;-74;-83;-86;-73;-63;-62;-62;-62;-63;-63;-63;-64;-64;-64;-64;-65;-66;-66;-66;-66;-66;-67
-3.6,8.4&e4:5f:01:63:71:55,-55;-57;-58;-55;-58;-56;-56;-56;-57;-57;-57;-56;-56;-56;-55;-55;-56;-56;-56;-55;-56;-55;-56;-56;-56;-56;-56;-56;-56;-56;-56;-56;-57;-58;-57;-57;-57;-57;-57;-57;-56;-56;-56;-57;-57;-58;-58;-58
-3.6,9.6&e4:5f:01:63:71:55,-78;-71;-66;-66;-69;-68;-67;-68;-71;-71;-70;-70;-69;-67;-66;-66;-66;-68;-70;-75;-77;-77;-78;-78;-78;-80;-81;-82;-84;-85;-85;-87;-85;-83;-82;-82;-79;-79;-79;-78;-77;-76;-77;-78;-81
-3.6,10.8&e4:5f:01:63:71:55,-71;-77;-83;-74;-72;-72;-72;-74;-75;-76;-78;-79;-81;-86;-92;-90;-83;-80;-78;-79;-78;-79;-74;-73;-72;-71;-72;-71;-71;-71;-71;-71;-71;-71;-71;-71;-71;-71;-71;-71;-71;-71;-71;-71;-72;-72;-71
-3.6,1&e4:5f:01:63:71:55,-75;-75;-78;-79;-80;-80;-80;-79;-80;-78;-77;-78;-76;-73;-73;-72;-72;-72;-71;-71;-72;-73;-73;-73;-72;-70;-70;-70;-70;-70;-69;-69;-69;-68;-68;-69;-69;-70;-70;-69
-3.6,13.2&e4:5f:01:63:71:55,-76;-73;-74;-73;-72;-72;-72;-71;-70;-70;-70;-70;-71;-71;-72;-72;-72;-73;-73;-73;-73;-73;-73;-73;-73;-73;-74;-74;-74;-75;-76;-76;-76;-76;-76;-76;-76;-76;-76;-76;-75;-74;-75;-74;-74;-75;-75;-75;-75
-3.6,14.4&e4:5f:01:63:71:55,-87;-91;-82;-81;-81;-79;-79;-81;-82;-81;-81;-80;-80;-80;-80;-82;-85;-86;-85;-85;-84;-84;-85;-84;-83;-82;-82;-83;-82;-81;-79;-78;-77;-77;-77;-80;-82;-80;-79;-78;-78;-78;-79;-80
-3.6,15.6&e4:5f:01:63:71:55,-91;-93;-87;-83;-78;-79;-79;-79;-80;-81;-82;-81;-81;-83;-87;-89;-92;-94;-92;-86;-87;-87;-85;-83;-81;-80;-81;-82;-86;-91;-87;-82;-80;-79;-78;-78;-78;-78;-77;-77;-77;-77;-77;-78;-77
0,2.4&e4:5f:01:63:71:a3,-95
0,4.8&e4:5f:01:63:71:a3,-96;-94;-93;-95;-99;-99;-97;-99
0,7.2&e4:5f:01:63:71:a3,-99;-101;-100;-100;-99
0,8.4&e4:5f:01:63:71:a3,-98;-98;-95
0,9.6&e4:5f:01:63:71:a3,-96;-94;-91;-95;-94;-95;-94;-95;-94;-94;-94;-94;-94;-94;-94;-95;-95;-94;-94;-94;-93;-93;-93;-93
0,10.8&e4:5f:01:63:71:a3,-97;-92;-99;-98;-96;-94;-92;-99
0,12&e4:5f:01:63:71:a3,-96;-97;-96;-93;-95;-94;-95;-94;-94;-94;-94;-94;-94;-95;-94;-93;-93;-93;-94;-93
-1.2,12&e4:5f:01:63:71:a3,-94;-97;-94;-95;-94;-95;-97;-98;-96;-95;-95;-96;-96;-96;-97;-93;-93;-95;-94;-93;-95;-94;-97
-1.2,14.2&e4:5f:01:63:71:a3,-94;-95;-96;-97;-96;-98;-100;-97;-97;-99;-101
-1.2,15.4&e4:5f:01:63:71:a3,-92;-91;-91;-94;-90;-90;-90;-90;-90;-90;-89;-89;-90;-89;-90;-90;-90;-90;-91;-90;-90
-1.2,16.6&e4:5f:01:63:71:a3,-87;-92;-93;-91;-93;-90;-90;-91;-91;-92;-91;-91;-91;-91;-90;-89;-89;-89;-89;-88;-88;-92;-94;-93;-92;-92;-91;-91;-90;-90;-90;-91;-91;-90;-91;-91;-91
-1.2,17.8&e4:5f:01:63:71:a3,-85;-85;-90;-93;-89;-96;-96;-95;-94;-95;-94;-98;-95;-94;-94;-93;-94;-94;-95;-94;-91;-92;-93;-92;-94;-101
-1.2,19&e4:5f:01:63:71:a3,-93;-88;-91;-91;-89;-91;-93;-92;-90;-91;-92;-89;-93;-91;-90;-91;-94;-94;-91;-90;-90;-90;-90;-91;-93;-93;-99;-95;-93;-93;-93;-93
-1.2,10.8&e4:5f:01:63:71:a3,-99;-99;-97;-98;-95;-93;-95;-94;-98;-97;-97;-98;-97
-1.2,9.6&e4:5f:01:63:71:a3,-101
-1.2,8.4&e4:5f:01:63:71:a3,-95;-97;-97
-1.2,7.2&e4:5f:01:63:71:a3,-101;-95;-95;-96;-98;-96;-97;-96;-95;-96;-96;-96;-96;-98;-98;-98;-99;-96;-98;-100;-99;-99;-100;-97;-97
-1.2,1.2&e4:5f:01:63:71:a3,-99
-1.2,4.8&e4:5f:01:63:71:a3,-96;-96;-96;-96;-96;-95;-94;-96;-95;-96;-96;-96;-94;-96
-1.2,4.8&e4:5f:01:63:71:a3,-95;-95
-1.2,6&e4:5f:01:63:71:a3,-96;-96;-96;-96;-97
1.2,3.6&e4:5f:01:63:71:a3,-99
1.2,6&e4:5f:01:63:71:a3,-101;-101;-101;-103;-101;-101;-102;-102;-102
1.2,8.4&e4:5f:01:63:71:a3,-101;-99;-100;-101;-101;-101;-101;-99;-101;-101;-101;-98;-100
1.2,9.6&e4:5f:01:63:71:a3,-100;-98;-97;-98;-97;-98
1.2,10.8&e4:5f:01:63:71:a3,-93;-98
2.4,10.8&e4:5f:01:63:71:a3,-101;-99;-97;-98;-101;-100;-98;-101;-101;-102;-102;-100;-99
2.4,9.6&e4:5f:01:63:71:a3,-96;-96;-97;-96;-97;-99;-97;-97;-97;-97;-99;-95;-97;-97;-96;-97;-98;-99
2.4,7.2&e4:5f:01:63:71:a3,-103;-102;-101;-100;-100;-101;-99;-99;-101;-104
3.6,6&e4:5f:01:63:71:a3,-98;-98;-101;-100;-99;-98
4.8,10.8&e4:5f:01:63:71:a3,-100;-98;-98;-97;-97;-100;-102;-99;-97;-98;-99
4.8,9.6&e4:5f:01:63:71:a3,-100;-100;-102;-100
4.8,8.4&e4:5f:01:63:71:a3,-99;-99;-101;-100;-100
4.8,6&e4:5f:01:63:71:a3,-99;-97;-97
4.8,4.8&e4:5f:01:63:71:a3,-100;-101
4.8,3.6&e4:5f:01:63:71:a3,-98;-100
4.8,2.4&e4:5f:01:63:71:a3,-101;-102;-101
4.8,1.2&e4:5f:01:63:71:a3,-100;-102
6,3.6&e4:5f:01:63:71:a3,-94;-93;-93;-96;-97;-96;-95;-95;-95;-95;-95;-94;-96;-96;-99;-98;-100
6,4.8&e4:5f:01:63:71:a3,-102;-104;-102
6,9.6&e4:5f:01:63:71:a3,-100;-99;-100
6,10.8&e4:5f:01:63:71:a3,-99
-2.4,7.2&e4:5f:01:63:71:a3,-100;-97;-99;-99;-100
-2.4,10.8&e4:5f:01:63:71:a3,-97;-96;-98
-2.4,12&e4:5f:01:63:71:a3,-93;-92;-92;-93
-2.4,13.2&e4:5f:01:63:71:a3,-94;-92;-93;-93;-93;-92;-92;-92;-92;-93;-93;-91;-92;-91;-92;-92;-92;-91;-91;-91;-91
-2.4,14.4&e4:5f:01:63:71:a3,-99;-95;-93;-91;-91;-93;-97;-97;-95;-97;-99
-2.4,16.6&e4:5f:01:63:71:a3,-91;-90;-93
-3.6,0&e4:5f:01:63:71:a3,-85;-86;-85;-86;-86;-86;-86;-84;-85;-88;-91;-94;-96;-91;-83;-87;-87;-86;-86;-86;-86;-85;-86;-86;-85;-85;-86;-87;-87;-87;-87;-87;-88;-87;-86;-86;-87;-86;-86;-86;-84;-84;-84
-3.6,1.2&e4:5f:01:63:71:a3,-86;-89;-92;-93;-92;-90;-88;-88;-90;-90;-97;-94;-94;-91;-92;-93;-92;-89;-89;-88;-87;-87;-88;-88;-89;-90;-90;-93;-92;-89;-91;-89;-89;-88;-88;-89
-3.6,2.4&e4:5f:01:63:71:a3,-89;-87;-94;-93;-96;-101;-95;-97;-93;-89;-96;-95;-95;-99;-100;-95;-94;-94;-93;-95;-95
-3.6,3.6&e4:5f:01:63:71:a3,-84;-86;-90;-90;-89;-88;-87;-88;-87;-87;-87;-86;-85;-85;-85;-85;-84;-85;-85;-86;-86;-87;-86;-85;-85;-85;-86;-87;-87;-87;-87;-86;-87;-87;-87;-88;-88;-88;-90;-90
-3.6,4.8&e4:5f:01:63:71:a3,-79;-79;-84;-84;-89;-85;-81;-82;-82;-82;-82;-81;-81;-81;-81;-82;-82;-83;-83;-85;-85;-84;-83;-83;-82;-82;-81;-81;-81;-81;-81;-81;-81;-82;-83;-84;-84;-84;-84;-84;-84;-85;-85;-86;-85;-84;-83;-83;-84
-3.6,6&e4:5f:01:63:71:a3,-89;-93;-89;-88;-87;-87;-86;-86;-86;-88;-88;-87;-87;-87;-88;-90;-91;-89;-89;-88;-88;-88;-88;-89;-90;-90;-90;-90;-90;-89;-89;-89;-90;-91;-92;-93;-92;-88;-91;-90
-3.6,7.2&e4:5f:01:63:71:a3,-92;-95;-97;-95;-91;-89;-87;-86;-86;-86;-86;-87;-86;-86;-84;-83;-84;-85;-84;-84;-87;-94;-96;-96;-93;-90;-87;-87;-87;-88;-92;-94
-3.6,8.4&e4:5f:01:63:71:a3,-92;-92;-89;-95;-92;-93;-95;-90;-90;-88;-87;-86;-87;-89;-91;-94;-93;-93;-92;-93;-94;-94;-93;-89;-86;-87;-88;-90;-94;-97;-95;-92;-91;-89;-90;-88;-86;-86
-3.6,9.6&e4:5f:01:63:71:a3,-91;-92;-88;-87;-84;-82;-83;-82;-80;-80;-80;-80;-81;-82;-81;-80;-80;-82;-84;-82;-80;-80;-78;-78;-77;-77;-77;-77;-77;-76;-77;-77;-77;-77;-76;-77;-77;-77;-77;-77;-78;-78;-77;-77;-77;-77;-77;-77;-78
-3.6,10.8&e4:5f:01:63:71:a3,-80;-85;-81;-78;-79;-82;-89;-89;-86;-86;-85;-86;-86;-87;-89;-87;-90;-89;-88;-83;-85;-85;-88;-88;-88;-88;-88;-88;-89;-89;-90;-89;-89;-88;-86;-87;-87;-87;-87;-88;-88;-87
-3.6,12&e4:5f:01:63:71:a3,-72;-73;-73;-73;-74;-75;-75;-74;-74;-74;-75;-76;-80;-81;-80;-72;-72;-71;-71;-71;-73;-73;-72;-69;-69;-69;-70;-72;-75;-76;-77;-79;-79;-80;-81;-83;-82;-81;-80;-81;-81;-79;-80;-80;-80
-3.6,13.2&e4:5f:01:63:71:a3,-80;-76;-79;-76;-75;-77;-80;-80;-79;-79;-77;-76;-77;-78;-77;-77;-78;-77;-77;-78;-78;-78;-78;-78;-81;-83;-82;-81;-78;-80;-81;-81;-82;-81;-79;-78;-77;-77;-76;-76;-77;-77;-77;-78;-78;-77;-77
-3.6,14.4&e4:5f:01:63:71:a3,-76;-70;-72;-70;-71;-75;-70;-69;-68;-68;-68;-68;-68;-68;-69;-69;-69;-69;-69;-69;-70;-70;-70;-69;-69;-69;-68;-69;-69;-71;-74;-69;-68;-69;-73;-78;-82;-86;-73;-67;-67;-68;-70;-72;-76
-3.6,15.6&e4:5f:01:63:71:a3,-83;-71;-70;-67;-65;-63;-63;-63;-63;-63;-63;-64;-64;-64;-66;-70;-68;-71;-71;-70;-70;-70;-71;-71;-70;-68;-67;-67;-67;-66;-66;-64;-63;-63;-63;-63;-63;-64;-64;-64;-65;-64;-63;-64;-66;-69;-69
