e4:5f:01:63:71:64>7.5,5;e4:5f:01:63:71:e5>0,10;e4:5f:01:63:71:55>15,0;e4:5f:01:63:71:b5>15,10;e4:5f:01:63:71:a3>0,0
0,0&e4:5f:01:63:71:a3,-55;-55;-55;-55;-56;-56;-56;-56;-56;-56;-56;-56;-56;-56
0,2&e4:5f:01:63:71:a3,-92;-87;-83;-83;-87;-98;-97;-92;-91;-95
0,2&e4:5f:01:63:71:a3,-84;-81;-81;-80;-80;-80;-81;-79;-83;-81;-82;-81
0,4&e4:5f:01:63:71:a3,-84;-84;-85;-85;-86;-86;-86;-85;-85;-86;-86;-87;-87;-83;-83;-84;-84;-84;-84;-84;-84;-84;-84;-84;-85;-85;-85;-84
0,6&e4:5f:01:63:71:a3,-92;-92;-92;-92;-95;-95;-94;-93;-94;-93;-93;-92;-91;-92;-91;-91
0,8&e4:5f:01:63:71:a3,-98;-97;-98;-94;-95;-96;-97;-97;-97;-98;-97
0,10&e4:5f:01:63:71:a3,-97;-96;-95;-94;-95;-95;-93;-96;-96
2,0&e4:5f:01:63:71:a3,-68;-70;-70;-70;-71;-74;-82;-79;-74;-72;-72;-72;-71;-70;-71;-71;-71;-71;-71;-70;-70;-70;-70;-70;-70;-70
2,2&e4:5f:01:63:71:a3,-77;-76;-80;-80;-80;-80;-79;-79;-79;-79;-79;-79;-79;-79;-79;-79;-79;-79;-79;-79;-79;-79;-79
2,4&e4:5f:01:63:71:a3,-95;-94;-93;-94;-93;-94;-94;-96;-95;-97;-98;-97;-97;-96;-95;-95;-96;-95;-95;-95;-95;-96;-96;-95;-94;-94;-94;-93
2,6&e4:5f:01:63:71:a3,-103;-100;-98;-96;-96
2,8&e4:5f:01:63:71:a3,-97
4,0&e4:5f:01:63:71:a3,-74;-75;-75;-75;-75;-75;-75;-75;-75;-75;-76;-76;-76;-76;-76;-76;-75;-76;-75;-75;-76;-76
4,2&e4:5f:01:63:71:a3,-76;-75;-75;-76;-76;-76;-75;-75;-75;-76;-76;-76;-76;-76;-76;-76;-76;-76;-76;-76;-77;-77;-76;-76;-76;-76;-76
4,4&e4:5f:01:63:71:a3,-87;-89;-90;-89;-86;-91;-89;-89;-89;-88;-88;-88;-92;-91;-90;-90;-90;-89;-89;-91;-92;-93;-92;-91;-92;-93;-94;-92;-90;-90
4,6&e4:5f:01:63:71:a3,-94;-94;-95;-96
4,8&e4:5f:01:63:71:a3,-95;-100;-97;-96;-97;-95
4,10&e4:5f:01:63:71:a3,-95;-96
6,0&e4:5f:01:63:71:a3,-78;-78;-79;-80;-79;-79;-79;-79;-79;-79;-79;-80;-79;-79;-79;-79;-80;-80
6,2&e4:5f:01:63:71:a3,-83;-82;-80;-78;-78;-77;-77;-78;-78;-78;-79;-79;-79;-79;-79;-80;-79;-79
6,4&e4:5f:01:63:71:a3,-86;-86;-85;-85;-85;-86;-85;-85;-85;-86;-86;-88
6,6&e4:5f:01:63:71:a3,-98;-98;-97
6,10&e4:5f:01:63:71:a3,-100;-96;-96
8,0&e4:5f:01:63:71:a3,-88;-90
8,2&e4:5f:01:63:71:a3,-80;-79;-79;-78;-79;-79;-79;-79;-80;-79;-79;-79;-79;-79;-79;-79;-79;-79;-79;-79;-79;-79;-79;-79;-79;-81;-87;-84;-82;-82
8,4&e4:5f:01:63:71:a3,-84;-83;-83;-85;-92;-86;-85;-84;-84;-84;-84;-85;-84;-85;-85;-84;-84;-84;-84;-83;-84;-84;-84;-84;-84;-84;-84;-84;-85
8,6&e4:5f:01:63:71:a3,-91
8,8&e4:5f:01:63:71:a3,-98
8,10&e4:5f:01:63:71:a3,-95;-99
10,8&e4:5f:01:63:71:a3,-97;-96;-97;-99;-100;-100
10,0&e4:5f:01:63:71:a3,-88;-88;-89;-89;-88;-88;-88;-88;-88;-89;-89;-88;-88
10,2&e4:5f:01:63:71:a3,-84;-87;-88;-86;-86;-86;-86;-86;-86
10,4&e4:5f:01:63:71:a3,-92;-91;-90;-88;-88
10,6&e4:5f:01:63:71:a3,-86;-91;-93;-93;-93;-91;-90;-89;-89
12,0&e4:5f:01:63:71:a3,-92;-91;-91;-89;-89;-90;-89;-89;-90;-91;-91;-91;-95;-94;-93;-93;-93
12,2&e4:5f:01:63:71:a3,-89;-88;-88;-88;-89;-88;-86;-86;-88;-87;-88;-87;-89;-89;-90
12,4&e4:5f:01:63:71:a3,-87;-88
12,6&e4:5f:01:63:71:a3,-89;-90;-89;-90
12,8&e4:5f:01:63:71:a3,-96;-95;-97;-98;-97;-96;-96;-96;-99;-99;-99;-97;-96;-96;-96
14,0&e4:5f:01:63:71:a3,-95;-93;-94;-95;-94;-94;-95;-95;-95;-94;-95;-96;-95;-97
14,2&e4:5f:01:63:71:a3,-92;-92;-91;-93;-93;-91;-90;-99;-98;-104
14,4&e4:5f:01:63:71:a3,-86;-87;-86;-86;-87;-86;-87;-87;-87;-86
14,6&e4:5f:01:63:71:a3,-91;-96;-94;-93;-95;-93;-93;-94;-93;-94;-94;-93;-92;-95;-96;-94;-94;-94
14,8&e4:5f:01:63:71:a3,-95;-96;-95;-95;-94;-94;-93;-92;-92;-94;-91;-92;-92;-93;-93;-91;-92;-94
14,10&e4:5f:01:63:71:a3,-94;-94;-95;-95;-99;-95;-95;-95;-94;-94;-95;-95
0,0&e4:5f:01:63:71:e5,-93;-91;-91;-91;-92;-91;-90;-91;-91;-90;-90;-90;-91;-90;-89;-88;-87;-87;-88;-88;-88;-89;-90;-90;-89;-89;-89
0,2&e4:5f:01:63:71:e5,-93;-92
0,2&e4:5f:01:63:71:e5,-98;-100;-94;-92;-92;-92;-91;-92;-91;-94;-93;-90;-90;-89;-90;-93;-93;-94;-90;-88;-88;-87
0,4&e4:5f:01:63:71:e5,-78;-78;-78;-77;-78;-79;-77
0,6&e4:5f:01:63:71:e5,-73;-73;-73;-72;-72;-70;-69;-70;-70;-71;-71;-71;-71;-71;-71;-71;-71;-71;-71;-71;-71;-71;-71;-71;-71
0,8&e4:5f:01:63:71:e5,-63;-63;-64;-64;-64;-64;-63;-64;-64;-64;-65;-64;-64;-65;-65;-65;-64;-64;-64;-64;-64
0,10&e4:5f:01:63:71:e5,-54;-53;-53;-53;-53;-53;-54;-54;-55;-54;-54;-54;-54;-54;-54;-54;-54;-54;-54;-54;-54;-54;-54;-54;-54;-54;-54;-68;-69
2,0&e4:5f:01:63:71:e5,-96;-95;-98
2,2&e4:5f:01:63:71:e5,-91;-90;-87;-88;-90;-86;-87;-86;-87;-92;-91;-90;-89;-90;-89;-91;-91;-92;-92;-93;-94;-93
2,4&e4:5f:01:63:71:e5,-78;-79;-80;-82;-82;-81;-81
2,6&e4:5f:01:63:71:e5,-79;-77;-78;-78;-78;-79;-77;-77;-78;-77;-79;-78;-79;-82;-81;-81;-83
2,8&e4:5f:01:63:71:e5,-71;-67;-68;-69;-69;-69;-70;-69;-69;-70;-70;-70;-70;-70;-70;-70;-68;-68;-68
2,10&e4:5f:01:63:71:e5,-59;-64;-68;-67;-67;-68;-68;-68;-68;-68;-68;-68;-67;-67;-67;-67;-67;-67;-67;-68;-68;-68;-68;-69;-69;-70;-70;-70;-70;-70;-69;-69
4,0&e4:5f:01:63:71:e5,-91;-92;-91;-89;-90;-90;-91;-92;-91;-91;-91;-91;-91;-92;-92;-92;-93;-93;-92;-92;-92;-91;-92;-94;-95;-99;-101;-95
4,2&e4:5f:01:63:71:e5,-90;-89;-88;-88;-89;-90;-90;-90;-89;-90;-90;-90;-93;-92;-91;-92;-91;-91;-88;-89;-88
4,4&e4:5f:01:63:71:e5,-81;-82;-82;-81;-80;-80;-80;-81;-82;-82;-83;-84;-85;-85;-84;-85;-84;-84;-83;-82;-81;-81;-81;-82;-81;-81
4,6&e4:5f:01:63:71:e5,-79;-76;-76;-76;-76;-76;-76;-77;-76;-77;-77
4,8&e4:5f:01:63:71:e5,-74;-74;-73;-77;-73;-75;-74;-74;-74;-72;-71;-71;-71;-71;-71
4,10&e4:5f:01:63:71:e5,-69;-69;-71;-70;-71;-71;-71;-72;-72;-71;-70;-70;-70
6,0&e4:5f:01:63:71:e5,-92;-89;-90;-93;-88;-91;-92;-90;-91;-90;-89;-90;-90;-90;-89;-91;-92;-93;-93
6,2&e4:5f:01:63:71:e5,-84;-86;-87;-87;-85;-85;-86;-85;-85;-85;-86;-86;-83;-84;-87;-87;-88;-89;-88;-89;-89;-89;-89;-89;-89;-89;-90;-90;-90;-90;-90;-90;-90;-90;-90;-89;-88
6,4&e4:5f:01:63:71:e5,-80;-81;-82;-81;-81;-81;-80;-80;-80;-80;-80;-81;-80;-80;-80;-80;-81;-81;-80;-80;-81
6,6&e4:5f:01:63:71:e5,-84;-80;-81;-81;-78;-79;-81;-82;-83;-83;-83;-79;-79;-79;-82;-85;-85;-84;-83;-81;-82;-82
6,8&e4:5f:01:63:71:e5,-77;-77;-77;-76;-78;-77;-81;-78;-79;-82;-84;-85;-78;-78;-77;-77;-76;-76
6,10&e4:5f:01:63:71:e5,-76;-78;-76;-76;-80;-78;-74;-74;-74;-75;-75;-76;-76;-77;-77
8,0&e4:5f:01:63:71:e5,-87;-88;-86;-85;-86;-87;-87;-88;-89;-89;-89;-90;-90;-90;-89;-87
8,2&e4:5f:01:63:71:e5,-85;-86;-86;-85;-85;-84;-85;-87;-85;-86;-85;-84;-84;-84;-84;-85;-85
8,4&e4:5f:01:63:71:e5,-86;-84;-83;-86;-86;-82;-83;-82;-82;-81;-82;-82;-82;-82;-82;-82;-82;-81;-81;-81;-81;-81
8,6&e4:5f:01:63:71:e5,-83;-83;-81;-82;-79;-84;-83;-83;-83;-83;-83;-83;-83;-82;-82;-82;-83;-83;-83
8,8&e4:5f:01:63:71:e5,-78;-79;-80;-79;-79;-83;-86;-85;-85;-87;-89;-86;-87;-87;-87;-87;-88;-90;-88;-88;-88;-88
8,10&e4:5f:01:63:71:e5,-78;-79;-78;-79;-80;-80;-78;-78;-78;-79;-79;-80;-82;-84;-85;-85;-84;-83;-82;-81;-83
10,10&e4:5f:01:63:71:e5,-81;-81;-80;-78;-80;-79;-80;-81;-81;-81;-79;-79;-80;-80;-78;-78;-79;-80;-80;-80;-79;-79;-79;-79;-79;-79;-79;-79;-78;-77;-78;-78;-78;-78;-78;-79
10,8&e4:5f:01:63:71:e5,-87;-88;-88;-86;-86;-85;-85;-86;-86;-86;-87;-86;-85;-85;-85;-85;-86;-86;-86;-86;-85;-86;-86;-87;-86
10,0&e4:5f:01:63:71:e5,-93;-92;-92;-92;-91;-91;-91;-91;-91;-91;-92;-92;-91;-91;-92;-91;-90;-91;-91;-90;-90;-91
10,2&e4:5f:01:63:71:e5,-89;-89;-89;-87;-85;-84;-84
10,4&e4:5f:01:63:71:e5,-85;-87;-93
10,6&e4:5f:01:63:71:e5,-92;-93;-87;-87;-85;-84;-83;-83;-83;-83;-83;-84;-83;-84;-83;-83;-82;-84;-83;-83;-82
12,0&e4:5f:01:63:71:e5,-86;-85;-84;-85;-88;-89;-89;-89;-90;-88;-90;-91
12,2&e4:5f:01:63:71:e5,-93;-92;-90;-88;-87;-86;-85;-86;-88;-87
12,4&e4:5f:01:63:71:e5,-94;-94;-95;-94;-95;-91;-87;-88;-87;-86;-88;-90;-91;-94;-93;-93;-94;-92;-92;-88;-89
12,6&e4:5f:01:63:71:e5,-86;-82;-83;-82;-82;-83;-83;-83
12,8&e4:5f:01:63:71:e5,-84;-83;-83;-84;-82;-85;-84;-82;-84;-85;-85;-85;-85;-85;-85;-85;-85;-85;-85
12,10&e4:5f:01:63:71:e5,-86;-89;-89;-88;-87;-88;-85;-82;-81;-82;-80;-80;-80;-81;-90;-91;-93;-94;-93;-91;-89;-86;-86;-86;-85
14,0&e4:5f:01:63:71:e5,-88;-91;-91;-93;-95;-95;-94;-97;-97;-95;-96;-96;-95;-95;-94;-98
14,2&e4:5f:01:63:71:e5,-90;-89;-94;-93
14,4&e4:5f:01:63:71:e5,-94;-93;-95;-87;-86;-86;-87;-85;-85;-87;-87
14,6&e4:5f:01:63:71:e5,-86;-87;-87;-89;-93;-94;-92;-93;-92;-89;-88;-88;-87;-87;-88
14,8&e4:5f:01:63:71:e5,-88;-87;-87;-86;-86;-86;-85;-85;-85;-85;-85;-84;-85;-84;-86;-86;-86;-86;-85;-85;-86;-85
14,10&e4:5f:01:63:71:e5,-85;-84;-84;-84;-84;-90;-89;-90;-90;-90;-89;-90;-87;-87;-87;-87;-86;-86;-86;-85;-85;-84;-84;-84;-84;-84;-84;-84;-84;-84;-85;-84;-85;-84;-85
0,0&e4:5f:01:63:71:55,-89;-90;-90;-90;-90;-90;-92;-92;-92;-92;-92;-92;-92;-89;-89;-89
0,2&e4:5f:01:63:71:55,-86;-85;-85;-85;-86;-86;-85;-85;-85;-85;-85
0,4&e4:5f:01:63:71:55,-84;-84;-84;-85;-84;-84;-84;-84;-84;-83;-81;-83;-82
0,6&e4:5f:01:63:71:55,-84;-84;-86;-85;-86;-86;-85;-86;-85;-84;-85;-84;-84;-84;-84;-84;-84;-84;-84;-84;-84
0,8&e4:5f:01:63:71:55,-92;-92;-92;-92;-92;-92;-91;-91;-91;-91;-92;-91;-91;-90;-90;-90;-90;-90;-89
0,10&e4:5f:01:63:71:55,-97;-98;-96;-93;-94;-93;-96
2,0&e4:5f:01:63:71:55,-97
2,2&e4:5f:01:63:71:55,-93;-93;-93;-93;-92;-93;-94;-94;-95;-95;-94;-93;-93;-93;-92;-92;-93;-92;-94;-94
2,4&e4:5f:01:63:71:55,-90;-92;-94;-97;-90;-90;-90;-90;-90
2,6&e4:5f:01:63:71:55,-92;-89;-90;-90;-90;-90;-90;-90;-91;-91;-91
2,8&e4:5f:01:63:71:55,-95;-96;-99;-98;-101;-100
4,0&e4:5f:01:63:71:55,-100;-100;-100;-100;-98;-100
4,2&e4:5f:01:63:71:55,-90;-89;-89;-89;-89;-88;-88;-89;-88;-89;-88;-88;-89;-90;-91;-90;-90;-90
4,4&e4:5f:01:63:71:55,-86;-85;-85;-85;-85;-86;-87;-88;-88;-87;-87;-89;-89;-87;-86;-86;-86;-86;-86;-86;-86;-86;-86
4,6&e4:5f:01:63:71:55,-93;-98;-97
6,0&e4:5f:01:63:71:55,-92;-92;-87;-90;-91;-91;-93;-92;-94
6,2&e4:5f:01:63:71:55,-83;-82;-82;-83;-81;-81;-84;-84;-83;-83;-84;-81;-85;-86;-86;-87;-88;-88;-88;-87;-87;-87;-86;-86;-86;-86;-86;-86;-86
6,4&e4:5f:01:63:71:55,-88;-86;-86;-86;-86;-87;-88;-88;-88;-87;-87;-87;-87;-87;-87;-87;-87;-87;-87;-87;-86;-87;-88;-88;-88;-88;-89;-88;-88
6,6&e4:5f:01:63:71:55,-99;-96;-94;-96;-93;-91;-89;-88;-89;-89;-88;-89;-89;-93;-97
6,8&e4:5f:01:63:71:55,-100;-97;-98;-98
6,10&e4:5f:01:63:71:55,-97;-96
8,0&e4:5f:01:63:71:55,-88;-91;-93;-92;-90;-91;-91;-90;-91;-91;-90;-92;-93;-92;-92;-91;-92;-91;-91;-90;-90;-92;-91;-90;-91;-91;-91;-91;-91;-92;-90;-90;-90;-90;-91
8,2&e4:5f:01:63:71:55,-81;-79;-79;-79;-79;-79;-79;-79;-79;-79;-79;-78;-78;-78;-78;-78;-78;-79;-77;-78;-79;-78;-78;-78;-79;-79;-79;-80;-79;-80;-81;-81
8,4&e4:5f:01:63:71:55,-86;-90;-92;-92;-91;-90;-90;-90;-90;-90;-90;-90;-90;-92;-92;-92;-93;-93;-93;-92;-92
8,6&e4:5f:01:63:71:55,-95;-93;-95;-95;-94
8,8&e4:5f:01:63:71:55,-93;-93;-93;-93;-93;-91;-92;-94;-95;-95;-95;-96;-93;-95
8,10&e4:5f:01:63:71:55,-94;-91;-92;-92;-92;-92;-91;-92;-93;-92;-91;-90;-91;-91;-91;-92;-93;-92;-93;-94;-94
10,10&e4:5f:01:63:71:55,-89;-90;-87;-88;-89;-89;-88;-88;-89;-89;-88;-89
10,8&e4:5f:01:63:71:55,-87;-90;-87;-86;-85;-86;-89;-89;-87;-86;-87;-86;-85;-84;-85;-85;-85;-84
10,0&e4:5f:01:63:71:55,-92;-88
10,2&e4:5f:01:63:71:55,-78;-78;-78;-77;-78;-78;-78;-78;-78
10,4&e4:5f:01:63:71:55,-85;-90;-86;-85;-85;-84;-90;-89;-90;-90;-89;-91;-89;-90;-90;-92;-91;-92;-91;-92;-93;-93;-91;-92;-92;-93;-93;-93;-93;-91;-92
10,6&e4:5f:01:63:71:55,-93;-91;-91;-90;-93;-93;-93;-90;-91;-88;-89;-88;-88;-89;-88;-88;-87;-87;-88;-89;-90;-89;-89;-90;-90;-91;-89;-89;-88;-88;-88;-89;-88;-89;-89
12,0&e4:5f:01:63:71:55,-81;-86;-81;-79;-79;-79;-78;-78;-79;-79;-79;-80;-80;-79;-79;-79;-78;-78;-77;-78;-78;-78;-78;-78;-79;-79;-78;-78;-78;-78;-78;-79;-79;-79;-79
12,2&e4:5f:01:63:71:55,-86;-85;-84;-83;-85;-85;-86;-88;-89;-88;-87;-87;-90;-99;-97;-91;-89;-89;-89;-90;-90;-90;-89;-88;-92;-94;-92;-91;-91
12,4&e4:5f:01:63:71:55,-89;-87;-89;-89;-87
12,6&e4:5f:01:63:71:55,-95;-91;-91;-90;-91;-92;-92;-91;-91;-91;-92;-91;-92;-91;-91;-90;-92;-92;-91;-92;-91;-91;-92
12,8&e4:5f:01:63:71:55,-92;-93;-94;-92;-92
12,10&e4:5f:01:63:71:55,-99;-97;-95;-88;-87;-87;-88;-88;-89
14,0&e4:5f:01:63:71:55,-78;-78;-78;-75;-75;-75;-75;-74;-74;-74;-74;-75;-75;-75;-75;-75
14,2&e4:5f:01:63:71:55,-89;-97;-92;-93;-91;-92;-93;-95;-95;-94;-97;-98;-97;-94;-93;-95;-97;-94;-91;-91;-91;-91
14,4&e4:5f:01:63:71:55,-86;-85;-84;-85;-85;-85;-84;-85;-85;-87;-86;-86;-86;-86;-86
14,6&e4:5f:01:63:71:55,-93;-92;-90;-88;-87;-87;-88;-88;-88;-88;-89;-89;-90;-90;-92;-91
14,8&e4:5f:01:63:71:55,-93;-93;-92;-91;-92;-92;-94;-95;-96;-100;-98;-98;-98;-97;-95;-92;-94;-94;-95;-94
14,10&e4:5f:01:63:71:55,-97;-95;-95
0,0&e4:5f:01:63:71:b5,-99;-102;-100;-99;-98;-98;-99
0,2&e4:5f:01:63:71:b5,-99;-101;-99;-96;-96;-95;-97;-98;-98
0,4&e4:5f:01:63:71:b5,-96;-97;-95;-94;-92;-89;-88;-88;-87;-88;-89;-89;-90;-90;-90;-90;-91;-90;-90;-89;-89;-89;-90;-91;-90;-89
0,6&e4:5f:01:63:71:b5,-99;-99;-99;-96;-97;-96
0,8&e4:5f:01:63:71:b5,-91;-91;-91;-90;-91;-91;-92;-93;-93;-97;-98;-91;-93;-93;-93;-94;-91;-90;-90
0,10&e4:5f:01:63:71:b5,-85;-86;-86;-86;-84;-84;-84;-84;-84;-84;-84;-84;-83;-83;-83;-83;-83
2,0&e4:5f:01:63:71:b5,-97;-97
2,2&e4:5f:01:63:71:b5,-98;-96;-99;-99;-99;-98;-98;-98;-97;-99;-98;-99;-99;-99;-98;-96
2,4&e4:5f:01:63:71:b5,-92;-91;-91;-91;-94;-95;-93;-95;-96;-94;-96;-100;-99;-99;-98;-99;-95;-94;-95;-94;-95;-95;-95;-95;-95;-95;-94;-95;-95;-95;-96;-95;-94;-94;-94
2,6&e4:5f:01:63:71:b5,-92;-90;-88;-88;-88;-89;-88;-89;-88;-90;-90
2,8&e4:5f:01:63:71:b5,-88;-86;-89;-98;-97;-101
2,10&e4:5f:01:63:71:b5,-93;-93;-94;-93;-93;-93;-93;-91;-91;-91;-90;-92;-92;-91;-93
4,0&e4:5f:01:63:71:b5,-100;-97;-97;-98;-98;-99;-97;-97
4,2&e4:5f:01:63:71:b5,-99;-96;-96;-99;-99;-99;-100;-99;-98;-97;-99;-96;-100
4,4&e4:5f:01:63:71:b5,-92;-92;-91;-92;-94;-94;-98;-95;-93;-92;-91;-92;-93;-92;-91;-94;-94;-94;-93
4,6&e4:5f:01:63:71:b5,-90;-88;-88;-90;-91;-90;-91;-91;-89;-91;-95;-97;-97;-97;-98
4,8&e4:5f:01:63:71:b5,-93;-93;-94;-93;-93;-95
4,10&e4:5f:01:63:71:b5,-87;-85;-83;-84;-84;-83;-84;-86;-86;-87;-87;-87;-87;-87;-87;-87;-87;-88;-87;-87;-87;-86;-86;-86;-86;-86;-87;-87;-86;-87;-87;-87;-88;-88;-88;-88
6,0&e4:5f:01:63:71:b5,-92;-92;-91;-93;-95;-92;-94;-100;-95
6,2&e4:5f:01:63:71:b5,-91;-89;-99;-97;-98;-99;-99;-99;-98;-99;-97;-98;-97
6,4&e4:5f:01:63:71:b5,-98;-99;-99
6,6&e4:5f:01:63:71:b5,-91;-89;-90;-87;-85;-86;-86;-88;-91;-94;-95;-95;-92;-89;-86;-86;-87;-87;-87
6,8&e4:5f:01:63:71:b5,-89;-89;-90;-86;-87;-88;-91;-90;-90;-94
6,10&e4:5f:01:63:71:b5,-84;-84;-84;-83;-85;-82;-84;-84;-84;-87;-87;-88;-85;-83
8,0&e4:5f:01:63:71:b5,-86;-85;-85;-85;-85;-85
8,2&e4:5f:01:63:71:b5,-86;-84;-85;-86;-83;-83;-87;-88;-85;-84;-85;-84;-84;-86
8,4&e4:5f:01:63:71:b5,-85;-85;-86;-85;-85;-85;-85;-86;-85;-86;-86;-87;-87;-89;-88;-87;-88;-88;-88;-88;-88;-88;-89
8,6&e4:5f:01:63:71:b5,-86;-86;-86;-86
8,8&e4:5f:01:63:71:b5,-81;-80;-78;-82;-84;-86;-89;-88;-86;-83;-83;-83;-86;-86;-86;-85;-85;-83;-83;-82;-82;-82;-81;-80;-79;-80;-80;-80;-80
8,10&e4:5f:01:63:71:b5,-88;-89;-88;-83;-84;-83;-81;-81;-80;-80;-80;-80;-81;-81;-81;-81;-81
10,10&e4:5f:01:63:71:b5,-82;-80;-79;-83;-80;-80;-79;-80;-80;-79;-79;-80;-80;-80;-79;-78;-78;-74;-74;-70;-75
10,8&e4:5f:01:63:71:b5,-82;-82;-84;-82;-82;-83;-83;-82;-82;-82;-82;-82;-82;-81;-81;-82;-82;-82;-82;-82;-82
10,0&e4:5f:01:63:71:b5,-84;-84;-86
10,2&e4:5f:01:63:71:b5,-78;-81;-80;-80;-79;-80;-80
10,4&e4:5f:01:63:71:b5,-84;-86;-88;-92;-94;-93;-97;-96;-94;-90;-87;-84;-80;-79;-79;-79;-79;-78
10,6&e4:5f:01:63:71:b5,-85;-90;-87;-89;-90;-90;-92;-92;-92;-89;-90;-92;-93;-91;-85;-84;-76;-91;-94;-93
12,0&e4:5f:01:63:71:b5,-91;-94;-89;-91;-94;-90;-83;-83;-82;-83
12,2&e4:5f:01:63:71:b5,-77;-77;-78;-77;-77;-77;-79;-79;-79;-80;-80;-79;-79;-79;-79;-80;-80;-80;-81;-79;-79;-80;-80;-79;-79;-80
12,4&e4:5f:01:63:71:b5,-79;-79;-78;-78;-77;-77;-78;-76;-75;-77;-78;-79;-79;-77;-77;-77;-77;-78;-78;-78;-78;-78;-78;-78;-78;-78;-77;-76;-77;-76;-75;-75;-78;-78;-77;-76;-77;-77;-77;-77;-77;-77
12,6&e4:5f:01:63:71:b5,-80;-78;-80;-79;-80;-79;-80;-79;-79;-81;-81;-81;-82;-81;-81;-81;-80;-80;-80;-81;-82;-81;-81;-80;-81;-83;-84;-85;-85;-85;-85;-84;-84;-84;-84;-84;-84;-84;-86;-86;-84;-85
12,8&e4:5f:01:63:71:b5,-85;-81;-80;-80;-81;-81;-82;-81;-81;-81;-81;-81;-81;-81;-81;-81;-81;-81
12,10&e4:5f:01:63:71:b5,-72;-73;-71;-72;-74;-74;-73;-73;-72;-73;-73;-74;-74;-74;-74;-74;-74;-74;-74;-74;-74;-74;-74
14,0&e4:5f:01:63:71:b5,-87;-86;-87;-87;-86;-85;-86;-85;-86;-86;-85;-84;-85;-85;-85;-85;-85;-85;-85;-85;-84;-84;-84;-84;-84;-85;-85
14,2&e4:5f:01:63:71:b5,-82;-82;-83;-83;-82;-83;-84;-82;-81;-81;-83;-84;-84;-84;-85;-83;-84;-84;-84;-85;-84;-84;-83;-82;-82;-82;-82;-82;-82;-82;-82;-82;-82;-82;-81
14,4&e4:5f:01:63:71:b5,-78;-81;-81;-80;-78;-79;-78;-79;-78;-78;-78;-78;-78;-78;-77;-77;-77;-77;-77;-77;-77;-77;-77;-78;-78;-78;-78;-78;-78;-78;-78
14,6&e4:5f:01:63:71:b5,-71;-70;-71;-70;-71;-71;-70;-71;-72;-71;-72;-72;-72;-72;-72;-72;-73;-72;-72
14,8&e4:5f:01:63:71:b5,-72;-74;-73;-73;-73;-74;-70;-70;-69;-69;-69;-69;-69;-69;-69;-70;-70;-70;-70;-70;-70;-70
14,10&e4:5f:01:63:71:b5,-62;-62;-62;-63;-63;-63;-62;-62;-61;-61;-62;-62;-62
0,0&e4:5f:01:63:71:64,-79;-80;-80;-80;-81;-80;-80;-81
0,2&e4:5f:01:63:71:64,-101;-97;-97;-94;-96
0,2&e4:5f:01:63:71:64,-84;-84;-84;-83;-83;-83;-83;-84;-85;-84;-84;-85;-84;-87
0,4&e4:5f:01:63:71:64,-90;-91;-93;-94;-98;-98;-92;-92;-94
0,6&e4:5f:01:63:71:64,-80;-82;-83;-82;-82;-83;-84;-84;-83;-83;-83;-83;-83;-83;-83;-83;-83;-83;-83;-82;-83;-82;-82;-82
0,8&e4:5f:01:63:71:64,-76;-76;-76;-77;-77;-77;-77;-78;-78;-78;-79;-78;-78;-79;-78;-78;-78;-78;-80;-79;-77;-77;-77;-77;-77;-77;-77;-77;-77;-77;-77;-77;-77;-77;-77
0,10&e4:5f:01:63:71:64,-91;-95;-93;-93;-94;-95;-88;-87;-87;-86;-85;-86;-86;-87;-88;-87;-87;-88;-87;-87;-88;-88;-88;-88;-90;-89;-88;-89;-89;-88;-89;-90;-85;-85;-85
2,0&e4:5f:01:63:71:64,-84;-84;-85;-78;-79;-91;-97;-97
2,2&e4:5f:01:63:71:64,-95;-98;-91;-94;-93;-92;-93;-92;-91;-92
2,4&e4:5f:01:63:71:64,-94;-96;-94;-93;-95;-94;-94;-94;-92;-88;-88;-87;-87
2,6&e4:5f:01:63:71:64,-93;-90;-94;-93;-94;-99;-96;-93;-93;-94;-97;-99;-95;-94;-93;-93;-93;-93;-93;-93;-92;-93;-93;-94;-100
2,8&e4:5f:01:63:71:64,-82;-84;-88;-92;-93;-88;-91;-90;-90;-90;-90;-90;-90;-90;-90;-90;-92;-92;-91
2,10&e4:5f:01:63:71:64,-86;-92;-94;-93;-92;-92;-92;-92;-92;-92;-92;-91
4,0&e4:5f:01:63:71:64,-81;-80;-80;-80;-80;-80;-80;-80;-80;-80;-80;-81;-81;-82;-82;-82;-81;-82
4,2&e4:5f:01:63:71:64,-79;-80;-79;-80;-85;-85;-87;-88;-87;-89;-88;-86;-84;-83;-83;-83;-81;-81;-80;-80;-81;-81;-82;-83
4,4&e4:5f:01:63:71:64,-76;-77;-78;-77;-80;-79;-82;-77;-76;-77;-77;-77;-76;-76;-78;-77;-77;-78;-78;-79;-78;-77;-77;-78;-78;-79;-92;-90;-91
4,6&e4:5f:01:63:71:64,-72;-77;-76;-76;-76;-76;-76;-76
4,8&e4:5f:01:63:71:64,-74;-74;-75;-75;-75;-75;-75;-75;-75
4,10&e4:5f:01:63:71:64,-82;-83;-83;-83;-83;-83;-83;-83;-83;-83;-83;-83;-84;-84;-83;-83;-83
6,0&e4:5f:01:63:71:64,-84;-80;-84;-96;-96;-91;-90;-87;-87;-88;-91;-90;-89
6,2&e4:5f:01:63:71:64,-80;-76;-77;-78;-78;-79;-79;-79;-80;-79;-79;-79;-80;-81
6,4&e4:5f:01:63:71:64,-62;-62;-62;-59;-59;-60;-60;-60;-60;-60;-60;-60;-60;-61;-61;-62;-61;-61;-61
6,6&e4:5f:01:63:71:64,-61;-61;-60;-62;-63;-63;-64;-68;-67;-65;-63;-62;-61;-61;-61;-61;-61;-61;-61;-61;-61;-61;-64;-63;-62;-62
6,8&e4:5f:01:63:71:64,-74;-73;-73;-73;-73;-73;-73;-73;-73;-74;-74;-73;-73;-73;-72;-72;-72;-72;-72;-72;-72;-72;-72;-72;-72
6,10&e4:5f:01:63:71:64,-84;-83;-82;-82;-82;-81;-81;-81;-81;-81
8,0&e4:5f:01:63:71:64,-75;-76;-76;-75;-75;-75;-76;-77;-77;-77;-77;-77;-77;-77;-77;-77;-77;-78;-77;-77;-78;-78;-78;-77;-76;-77;-77;-77;-79;-80
8,2&e4:5f:01:63:71:64,-73;-72;-73;-70;-73;-69;-68;-68;-68;-69;-69;-69;-69;-69;-69;-69;-69;-68;-68
8,4&e4:5f:01:63:71:64,-62;-61;-61;-61;-61;-61;-61;-61;-60;-60;-60;-60;-60;-60;-60;-60
8,6&e4:5f:01:63:71:64,-65;-62;-62;-67;-68;-70;-70;-70;-70;-70;-71;-71;-72;-74;-77;-79;-75;-75;-75;-73;-73;-70;-70;-70;-70;-70;-69;-69;-69;-70;-71;-71;-71
8,8&e4:5f:01:63:71:64,-79;-73;-81;-81;-81;-82;-84;-82;-81;-81;-82;-82;-82;-82;-81;-82;-82;-82
8,10&e4:5f:01:63:71:64,-85;-85;-85;-86;-86;-87;-87;-88;-89;-90;-88;-88;-88;-84;-83;-84;-85;-87;-89;-89
10,10&e4:5f:01:63:71:64,-83;-82;-82;-82;-83;-84;-87;-89;-93;-90;-90;-86;-89;-88;-88;-87
10,8&e4:5f:01:63:71:64,-78;-76;-77;-78;-78;-78;-75;-76;-76;-76;-75;-75
10,0&e4:5f:01:63:71:64,-79;-79;-79;-79;-79;-79;-80;-80;-80;-79;-79
10,2&e4:5f:01:63:71:64,-74;-74;-74;-71;-71;-71;-71;-74;-74;-74;-74;-74;-73;-73;-73;-73
10,4&e4:5f:01:63:71:64,-70;-72;-73;-71;-70;-70;-71;-72;-72;-72;-72;-72;-72;-72;-72;-72;-72;-72;-72;-72;-72;-72;-72;-73;-73;-72;-72
10,6&e4:5f:01:63:71:64,-70;-69;-69;-69;-70;-70;-71;-73;-71;-81;-80;-78;-72;-72;-72;-72;-72;-72;-72;-71
12,0&e4:5f:01:63:71:64,-76;-77;-76;-79;-79;-80;-79;-80;-80;-79;-79;-78;-78;-78;-78;-78;-78;-78
12,2&e4:5f:01:63:71:64,-79;-79;-80;-81;-80;-80;-81;-79;-79;-79;-80;-80;-80;-80;-78;-76;-76;-76;-75;-76;-75;-76;-75;-75;-74;-74;-75;-75;-75;-75;-75;-75;-75;-77;-77
12,4&e4:5f:01:63:71:64,-77;-78;-79
12,6&e4:5f:01:63:71:64,-77;-71;-71;-71;-72;-72;-72;-72
12,8&e4:5f:01:63:71:64,-76;-80;-80;-80;-80;-80;-80;-80;-80;-80
12,10&e4:5f:01:63:71:64,-79;-80;-80;-91;-90;-92;-89;-88;-88;-88;-87;-86;-85;-84;-84;-84;-83;-83;-82;-83;-83;-82;-82;-82;-83;-83;-82;-82;-82;-81;-82;-82
14,0&e4:5f:01:63:71:64,-83;-81;-82;-82;-81;-81;-81;-82;-82;-83;-84;-83;-83;-83;-83;-82;-82;-83;-83;-83;-84;-84;-84;-84;-83;-83;-83;-82;-82;-82;-82
14,2&e4:5f:01:63:71:64,-80;-80;-80;-80;-81;-81;-80;-80;-84;-83;-84;-82;-79
14,4&e4:5f:01:63:71:64,-89;-93;-87;-88;-91;-92;-84;-83;-84;-84;-81;-80;-82;-81;-80;-78;-79;-79;-80;-80;-79;-80;-79
14,6&e4:5f:01:63:71:64,-87;-85;-84;-82;-81;-81;-81;-83;-82;-82;-82;-85;-86;-84;-85;-86;-87;-87;-87;-88;-87;-87;-85;-86;-87;-87;-86;-86;-87
14,8&e4:5f:01:63:71:64,-79;-79;-77;-77;-79;-80;-80;-80;-81;-80;-80;-79;-79;-80;-79;-79;-79;-79;-79;-79;-80;-79;-79;-80;-79;-79;-80;-81;-82;-81;-81
14,10&e4:5f:01:63:71:64,-85;-85;-86;-88;-89;-85;-84;-84;-85;-85;-84;-84;-84;-84;-85;-85
