e4:5f:01:63:71:64>6,0.9;e4:5f:01:63:71:e5>0,16.8;e4:5f:01:63:71:55>-2.4,6;e4:5f:01:63:71:b5>0,-3;e4:5f:01:63:71:a3>3,9.6
-1.8,-3.6&e4:5f:01:63:71:e5,-71;-71;-71;-71;-70;-70;-71;-72;-77;-73;-75;-75;-74;-73;-74;-73;-73;-73;-74;-74;-74;-74;-75;-76;-76;-75;-74;-74;-74;-74;-74;-74;-74;-74
-1.8,-1.8&e4:5f:01:63:71:e5,-80;-78;-77;-78;-76;-76;-76;-76;-78;-79;-81;-83;-86;-85;-85;-91;-85;-81;-83;-82;-84;-84;-82;-82;-82;-83;-83;-86;-84
-1.8,0&e4:5f:01:63:71:e5,-79;-81;-79;-77;-79;-80;-80;-80;-80;-81;-81;-81;-81;-82;-82;-82;-82;-82;-82;-82;-82;-82;-82;-82;-82;-82;-82;-82;-81;-81;-82;-81;-82;-82;-81;-81;-82;-83
-1.8,1.8&e4:5f:01:63:71:e5,-75;-69;-71;-71;-70;-71;-72;-73;-71;-72;-69;-70;-71;-71;-71;-71;-71;-71;-72;-72
-1.8,3.6&e4:5f:01:63:71:e5,-76;-74;-75;-75;-74;-74;-77;-77;-80;-80;-80;-84;-89;-81;-80;-78;-78;-77;-77;-77;-77;-77;-76;-77;-76;-75;-75;-76;-76;-75;-74;-74;-75;-76;-77;-79
-1.8,5.4&e4:5f:01:63:71:e5,-76;-77;-77;-81;-82;-82;-85;-88;-84;-85;-87;-83;-81;-85;-82;-88;-82;-77;-78;-83;-83
-1.8,7.2&e4:5f:01:63:71:e5,-66;-66;-65;-65;-64;-65;-66;-66;-69;-68;-67;-67;-67;-67;-67;-68;-67;-67;-67;-67;-67;-67;-66;-67;-68;-68;-68
-1.8,9&e4:5f:01:63:71:e5,-78;-78;-81;-79;-79;-80;-78;-80;-83;-80;-73;-73;-74;-74;-74;-74;-74;-73;-73;-71;-72;-73;-72;-72;-71;-74;-74;-74;-73;-74;-75;-75;-74;-74
-1.8,10.8&e4:5f:01:63:71:e5,-72;-77;-71;-67;-67;-67;-67;-69;-71;-71;-71;-71;-71;-72;-72;-72;-74;-72;-72;-72;-72;-73;-72
-1.8,12.6&e4:5f:01:63:71:e5,-71;-66;-76;-71;-75;-76;-76;-81;-82;-84;-82;-80;-79;-79;-78;-77;-77;-74;-73;-73;-73;-73;-73;-72;-71;-71;-70;-70;-71;-70;-71
-1.8,14.4&e4:5f:01:63:71:e5,-64;-64;-62;-62;-59;-59;-58;-58;-58;-58;-58;-59;-59;-61;-60;-60;-60
-1.8,16.2&e4:5f:01:63:71:e5,-60;-71;-71;-66;-68;-69;-69;-70;-70;-72;-73;-72;-75;-78;-77;-78;-74;-75;-68;-68;-68;-68;-65;-66;-66;-65;-75;-73;-73;-73;-74;-73
0,16.2&e4:5f:01:63:71:e5,-51;-50;-53;-50;-50;-51;-51;-50;-50;-50;-50;-50;-50;-50;-50;-50;-46;-49;-49;-46;-46;-46;-46;-46;-46;-46;-46;-46;-46;-49;-49;-49;-47;-49;-46
0,14.4&e4:5f:01:63:71:e5,-59;-59;-58;-66;-66;-61;-62;-63;-64;-62;-61;-61;-61;-62;-62;-62;-62;-61;-61;-62;-64;-63;-63;-63;-65;-65;-66;-66
0,12.6&e4:5f:01:63:71:e5,-59;-59;-60;-60;-60;-59;-58;-58;-58;-58;-58;-58;-58;-60;-59;-58;-58;-58;-58;-58;-58
0,10.8&e4:5f:01:63:71:e5,-64;-63;-63;-64;-63;-63;-65;-64;-64;-65;-68;-70;-71;-70;-69;-69;-70;-70;-68;-67;-68;-68;-69;-68;-70;-74;-75;-75
0,9&e4:5f:01:63:71:e5,-67;-65;-69;-69;-70;-70;-72;-72;-67;-71;-69;-70;-67;-68;-71;-73;-72;-73;-71;-72;-74;-72;-72;-72;-70;-69;-69;-71;-71;-71;-71;-71
0,7.2&e4:5f:01:63:71:e5,-70;-69;-69;-68;-69;-69;-69;-69;-69;-69;-69;-69;-70;-68;-68;-67;-67;-67;-67;-67;-67;-67;-68;-68;-68;-68;-68
0,5.4&e4:5f:01:63:71:e5,-74;-72;-72;-75;-77;-78;-77;-74;-70;-69;-69;-69;-69;-68;-68;-69;-68;-68;-68;-68;-68;-68;-68;-68;-68;-68;-68;-69;-68;-68;-68;-68;-69
0,3.6&e4:5f:01:63:71:e5,-70;-69;-67;-67;-67;-66;-66;-66;-68;-66;-68;-66;-65;-69;-68;-67;-66;-66;-67;-66;-65;-65;-65;-65;-68;-67;-67;-66;-65;-65
0,1.8&e4:5f:01:63:71:e5,-76;-76;-79;-82;-82;-80;-77;-79;-78;-82;-79;-79;-74;-73;-71;-69;-67;-68;-68;-68;-68;-68;-68;-68;-68;-68
0,0&e4:5f:01:63:71:e5,-75;-76;-71;-71;-70;-70;-71;-72;-72;-71;-72;-73;-70;-70;-70;-73;-72;-72;-71;-70;-69;-70;-71;-72;-72;-72;-72;-72;-72;-71;-71;-71;-71;-70;-71;-71
0,-1.8&e4:5f:01:63:71:e5,-79;-80;-79;-78;-78;-78;-80;-79;-79;-79;-80;-81;-81;-82;-81;-80;-80;-84;-84;-84;-82;-81;-83;-87;-86;-87;-90;-93;-95;-95;-94;-92;-90;-88;-87;-87;-88
0,-3.6&e4:5f:01:63:71:e5,-75;-76;-76;-75;-76;-74;-76;-75;-76;-77;-75;-73;-74;-76;-75;-76;-75;-77;-77;-76;-76;-81;-80;-77;-79;-76;-76;-76;-79;-74
1.8,1.8&e4:5f:01:63:71:e5,-81;-81;-81;-82;-84;-84;-81;-82;-89;-91;-92;-88;-83;-82;-79;-79;-79;-78;-77;-77;-77;-77;-78;-78;-78;-78;-77;-77
1.8,3.6&e4:5f:01:63:71:e5,-72;-74;-76;-74;-72;-73;-73;-75;-83;-81;-77;-74;-77;-78;-79;-77;-79
1.8,5.4&e4:5f:01:63:71:e5,-74;-73;-73;-73;-72;-72;-73;-74;-75;-74;-73;-73;-73;-72;-72;-72;-71;-71;-71;-71;-70;-71;-70;-70;-70;-70;-69;-69;-69;-69;-70;-70;-70;-71
1.8,7.2&e4:5f:01:63:71:e5,-79;-78;-83;-83;-80;-78;-83;-87;-84;-83;-81;-80;-76;-77;-77;-79;-79;-78;-78;-78;-79;-81;-80;-79;-79;-82;-80;-77;-76;-75;-75;-75;-75;-75;-76
1.8,9&e4:5f:01:63:71:e5,-72;-76;-85;-79;-77;-78;-79;-77;-78;-80;-84;-83;-79;-80;-81;-79;-79;-79;-80;-79;-80;-79;-79;-77;-81;-81;-81;-81;-81;-81
1.8,10.8&e4:5f:01:63:71:e5,-75;-75;-76;-80;-79;-79;-77;-76;-76;-76;-75;-75;-76;-74;-73;-73;-74;-73;-75;-74;-74;-71;-70;-70;-70;-69;-70;-71;-71;-71;-71;-73;-74;-76;-78;-78;-79;-78;-79;-78
3.6,10.8&e4:5f:01:63:71:e5,-68;-68;-70;-70;-73;-76;-74;-74;-73;-69;-68;-68;-69;-69;-69;-69;-68;-68;-70;-71;-72;-72;-72;-72;-72;-72;-72;-72
3.6,9&e4:5f:01:63:71:e5,-75;-85;-89;-80;-81;-80;-80;-80;-79;-79;-78;-78;-79;-78;-78;-78;-78;-78;-79;-79;-79;-79;-79;-79;-79;-79;-80;-80;-80;-80;-79;-79;-76;-75
3.6,7.2&e4:5f:01:63:71:e5,-73;-73;-72;-71;-72;-72;-73;-74;-74;-73;-73;-73;-73;-73;-73;-73;-72;-72;-71;-73;-76;-76;-73;-73;-73;-73;-73;-73
3.6,5.4&e4:5f:01:63:71:e5,-75;-74;-71;-69;-69;-78;-83;-84;-81;-80;-78;-72;-71;-70;-74;-75;-77;-78;-79;-79;-82;-87;-85;-85;-85;-85;-83;-80;-78;-78;-78
3.6,3.6&e4:5f:01:63:71:e5,-77;-77;-77;-78;-84;-88;-83;-81;-81;-80;-79;-77;-78;-78;-77;-76;-77;-77;-76;-86;-86;-78;-76;-76;-76;-76;-76;-76;-75;-75;-75;-75;-75;-75
3.6,1.8&e4:5f:01:63:71:e5,-71;-69;-72;-75;-77;-75;-73;-75;-73;-74;-74;-75;-74;-74;-74;-74;-74;-74;-74;-74;-74;-76;-76;-75;-75
5.4,1.8&e4:5f:01:63:71:e5,-72;-72;-71;-72;-72;-70;-70;-70;-70;-70;-71;-71;-72;-75;-76;-75;-75;-74;-75;-75;-75;-75;-76;-75;-76;-75;-75;-75;-75;-77;-77;-77
5.4,3.6&e4:5f:01:63:71:e5,-70;-74;-76;-77;-71;-71;-72;-74;-74;-75;-74;-74;-77;-78;-77;-78;-78;-77;-77;-77;-77;-77;-77;-77;-77;-77
5.4,5.4&e4:5f:01:63:71:e5,-80;-83;-88;-89;-85;-86;-86;-87;-87;-85;-85;-85;-83;-86;-86;-87;-86;-85;-86;-84;-84
5.4,7.2&e4:5f:01:63:71:e5,-73;-74;-73;-73;-74;-73;-73;-73;-74;-75;-76;-76;-76;-76;-77;-78;-78;-80;-80;-80;-81;-82;-80;-80;-80;-81;-81;-81
5.4,9&e4:5f:01:63:71:e5,-84;-85;-92;-84;-80;-79;-80;-80;-80;-78;-75;-74;-74;-74;-76;-78;-80;-88;-87;-87;-88;-89;-89;-87;-89;-91;-90;-91;-93;-93;-89;-87
5.4,10.8&e4:5f:01:63:71:e5,-77;-78;-78;-78;-78;-77;-79;-78;-78;-78;-78;-79;-78;-78;-78;-78;-79;-79;-80;-80;-80;-80;-80;-80;-80;-80;-80;-80;-80;-79;-79;-79;-79
7.2,5.4&e4:5f:01:63:71:e5,-74;-75;-75;-75;-74;-74;-74;-74;-74;-75;-76;-76;-76;-76;-75;-75;-75;-75;-76;-76;-76;-76;-76;-75;-75;-75;-75;-76;-76
7.2,3.6&e4:5f:01:63:71:e5,-88;-86;-85;-81;-81;-78;-80;-85;-84;-84;-83;-86;-86;-84;-83;-84;-84;-83;-85;-83;-83;-83;-83;-84;-83;-83;-83;-82;-82;-80;-81;-82;-81;-81
7.2,1.8&e4:5f:01:63:71:e5,-74;-74;-74;-73;-73;-73;-73;-74;-74;-74;-73;-74;-76;-75;-75;-75;-75;-75;-75;-76;-75;-76;-76;-75;-75;-75;-73
-1.8,-3.6&e4:5f:01:63:71:a3,-83;-81;-78;-76;-83;-77;-78;-75;-78;-80;-80;-80;-77;-76;-76;-76;-76;-76;-76;-77;-77;-80;-79;-79;-80;-79;-81;-82;-82
-1.8,-1.8&e4:5f:01:63:71:a3,-71;-72;-73;-74;-74;-74;-74;-75;-75;-75;-74;-74;-73;-73;-73;-74;-73;-73;-73;-74;-74;-74;-74;-74
-1.8,0&e4:5f:01:63:71:a3,-72;-72;-73;-72;-72;-73;-73;-73;-73;-73;-73;-73;-74;-74;-74;-73;-73;-74;-73;-73;-73;-74;-73;-73;-73;-72;-73;-73;-73;-72;-72;-73
-1.8,1.8&e4:5f:01:63:71:a3,-69;-69;-68;-68;-67;-68;-69;-67;-66;-66;-66;-66;-67;-67;-66;-66;-66;-66;-66;-66;-66;-66;-66;-66;-66;-66;-66;-66
-1.8,3.6&e4:5f:01:63:71:a3,-69;-68;-70;-68;-70;-70;-71;-72;-71;-72;-73;-75;-75;-80;-84;-84;-88
-1.8,5.4&e4:5f:01:63:71:a3,-71;-73;-73;-73;-72;-70;-69;-67;-67;-67;-67;-67;-67;-67;-66;-66;-66;-66;-65;-65;-65;-66;-65;-66;-66;-66;-66;-66;-66
-1.8,7.2&e4:5f:01:63:71:a3,-73;-71;-71;-71;-71;-71;-71;-73;-74;-76;-78;-74;-75;-74;-74;-73;-72;-71;-71;-70;-70;-71;-72;-73;-74;-75;-74;-74;-74;-74;-74
-1.8,9&e4:5f:01:63:71:a3,-66;-67;-68;-70;-69;-68;-68;-69;-70;-70;-71;-71;-70;-70;-70;-69;-69;-69;-69;-68;-68;-68;-68;-69;-68;-69;-68;-68;-69
-1.8,10.8&e4:5f:01:63:71:a3,-69;-73;-73;-76;-76;-74;-74;-74;-79;-77;-73;-73;-76;-73;-70;-69;-69;-69;-68;-68;-68;-70
-1.8,12.6&e4:5f:01:63:71:a3,-66;-64;-65;-66;-64;-64;-64;-65;-65;-65;-64;-65;-65;-65;-66;-65;-65;-65;-65;-65;-65;-65;-65;-66;-65;-65;-65;-65;-65;-65;-65;-65;-65;-65;-65;-65;-65;-65;-65
-1.8,14.4&e4:5f:01:63:71:a3,-72;-70;-70;-70;-70;-70;-70;-70;-71;-72;-71;-71;-71;-71;-71;-72;-72;-72;-72;-71;-72;-72;-73;-72;-72;-72;-72;-72;-72;-72;-71
-1.8,16.2&e4:5f:01:63:71:a3,-76;-77;-78;-78;-78;-76;-74;-74;-73;-73;-74;-74;-74;-74;-73;-73;-75;-75;-75;-76;-76;-77;-77;-77;-77;-77;-77
0,16.2&e4:5f:01:63:71:a3,-76;-74;-70;-74;-74;-73;-74;-74;-75;-76;-75;-75;-74;-74;-74;-74;-74;-75;-74;-74;-74;-74;-74;-73;-73;-73;-75;-74;-74;-73;-74
0,14.4&e4:5f:01:63:71:a3,-70;-72;-71;-69;-69;-67;-68;-67;-67;-68;-68;-67;-68;-68;-68;-68;-68;-68;-68;-68;-67;-68;-68;-68;-68;-67;-67;-67;-67;-67;-67
0,12.6&e4:5f:01:63:71:a3,-76;-70;-66;-67;-66;-69;-66;-66;-67;-66;-66;-66;-65;-66;-66;-65;-65;-65;-65;-64;-64;-64;-64
0,10.8&e4:5f:01:63:71:a3,-87;-72;-63;-62;-62;-62;-62;-62;-62;-62;-63;-63;-64;-63;-62;-62;-62;-62;-62;-62;-62;-62;-63;-63;-63;-64;-64;-64;-64;-64
0,9&e4:5f:01:63:71:a3,-62;-61;-60;-62;-62;-60;-61;-60;-62;-63;-61;-62;-61;-61;-62;-63;-63;-61;-61;-64;-63;-62;-63;-63;-62
0,7.2&e4:5f:01:63:71:a3,-62;-62;-60;-60;-60;-60;-61;-61;-60;-60;-60;-60;-60;-60;-60;-59;-60;-56;-59;-59;-59;-59;-59;-59;-59;-59;-59;-59;-59;-59;-59
0,5.4&e4:5f:01:63:71:a3,-63;-62;-63;-63;-64;-66;-67;-65;-66;-65;-65;-65;-64;-63;-63;-63;-64;-65;-65;-65;-65;-65
0,3.6&e4:5f:01:63:71:a3,-64;-64;-63;-64;-63;-63;-64;-64;-64;-64;-63;-65;-63;-63;-64;-64;-64;-65;-65;-65;-64;-66;-65;-65;-64;-64;-64;-63;-63;-63;-63;-63;-63
0,1.8&e4:5f:01:63:71:a3,-67;-67;-67;-68;-68;-68;-69;-68;-68;-68;-67;-66;-66;-66;-66;-66;-66;-66;-66;-67;-67;-73;-78;-74;-73;-73;-73;-74;-73;-72;-71
0,0&e4:5f:01:63:71:a3,-65;-64;-65;-66;-65;-63;-63;-62;-63;-62;-62;-63;-63;-62;-62;-62;-63;-64;-65;-65;-63;-62;-62;-61;-62;-62;-61;-62;-61;-62;-62;-62;-62;-63;-63;-63;-63;-63;-64
0,-1.8&e4:5f:01:63:71:a3,-72;-73;-72;-72;-72;-74;-74;-74;-74;-75;-73;-71;-68;-68;-68;-70;-70;-70;-68;-67;-67;-67;-69;-70;-69;-68;-71;-71;-70;-70;-69
0,-3.6&e4:5f:01:63:71:a3,-70;-73;-71;-71;-70;-70;-70;-74;-75;-71;-72;-70;-70;-72;-76;-73;-70;-74;-81;-74;-75;-73;-75;-75;-73
1.8,1.8&e4:5f:01:63:71:a3,-72;-72;-72;-70;-69;-70;-71;-74;-73;-72;-71;-71;-71;-73;-74;-74;-75;-75;-75;-74;-74;-74;-74;-74;-73;-74;-73
1.8,3.6&e4:5f:01:63:71:a3,-75;-71;-73;-71;-69;-69;-69;-69;-68;-67;-67;-68;-70;-71;-73;-76;-71;-75;-70;-76;-72;-76;-75;-73;-73;-73;-73;-72
1.8,5.4&e4:5f:01:63:71:a3,-74;-73;-73;-74;-74;-71;-70;-68;-69;-70;-70;-72;-72;-71;-71;-71;-71;-72;-72;-72;-72;-73;-73;-73;-73;-72;-72;-73;-74
1.8,7.2&e4:5f:01:63:71:a3,-68;-65;-65;-65;-68;-77;-83;-81;-78;-75;-75;-75;-75;-74;-68;-68;-68;-69;-70;-73;-73;-72;-72
1.8,9&e4:5f:01:63:71:a3,-51;-51;-51;-52;-51;-51;-51;-51;-51;-51;-51;-51;-51;-51;-51;-51;-51;-51;-51;-51;-51;-51;-51;-51;-51;-51;-51;-51;-51;-51;-51;-51;-51;-51;-51;-51
1.8,10.8&e4:5f:01:63:71:a3,-71;-71;-69;-78;-78;-79;-81;-85;-88;-88;-75;-71;-70;-69;-66;-66;-66;-67;-69;-66;-63;-61;-60;-60;-60;-62;-63;-65;-65;-65;-65;-65
3.6,10.8&e4:5f:01:63:71:a3,-66;-68;-69;-68;-62;-62;-61;-62;-59;-59;-60;-60;-60;-60;-60;-60;-60;-59;-59;-59;-59;-59;-59;-59;-59;-59;-59;-59;-60;-60;-59;-59;-59;-59;-59
3.6,9&e4:5f:01:63:71:a3,-61;-62;-61;-59;-58;-62;-64;-64;-63;-63;-62;-62;-62;-61;-61;-61;-61;-59;-59;-59;-58;-58;-58;-58;-58;-58;-58;-58;-59;-59;-59;-59;-59;-59;-58;-58;-58
3.6,7.2&e4:5f:01:63:71:a3,-72;-81;-73;-70;-67;-72;-73;-73;-73;-71;-71;-70;-69;-69;-68;-68;-68;-68;-68;-69;-69;-69;-69;-70;-70;-71;-70;-68;-67;-70;-70;-71;-72;-72;-72;-72
3.6,5.4&e4:5f:01:63:71:a3,-68;-68;-67;-67;-66;-66;-63;-62;-61;-61;-60;-63;-62;-63;-64;-65;-67;-68;-79;-82;-73;-73;-72;-71;-70;-69;-67;-67;-70;-71;-72
3.6,3.6&e4:5f:01:63:71:a3,-80;-73;-77;-74;-74;-75;-72;-72;-73;-77;-79;-79;-81;-72;-70;-70;-73;-71;-71;-69;-68;-69;-68;-66;-66;-68;-68;-68;-69;-69;-70;-70;-70;-70;-69;-70;-70;-71;-70;-71;-70;-70
3.6,1.8&e4:5f:01:63:71:a3,-69;-69;-67;-66;-69;-69;-70;-69;-69;-70;-71;-69;-69;-71;-68;-67;-67;-67;-66;-66;-66;-66;-66;-66;-67;-67;-67;-67;-67;-67;-68;-68
5.4,1.8&e4:5f:01:63:71:a3,-68;-70;-72;-73;-70;-71;-75;-76;-70;-70;-70;-72;-73;-75;-73;-73;-71;-76;-75;-74;-74;-73;-73;-73;-73;-73;-73;-74;-74;-74;-75;-75
5.4,3.6&e4:5f:01:63:71:a3,-74;-68;-70;-70;-77;-70;-74;-75;-74;-73;-71;-70;-71;-71;-69;-67;-67;-67;-68;-68;-69;-69;-68;-69;-69;-69;-68;-69;-68;-69;-69;-68;-68;-69
5.4,5.4&e4:5f:01:63:71:a3,-65;-68;-68;-69;-70;-74;-74;-75;-75;-75;-76;-75;-74;-74;-74;-74;-74;-75;-74;-75;-75;-75;-77;-75
5.4,7.2&e4:5f:01:63:71:a3,-66;-65;-65;-64;-64;-64;-65;-64;-62;-61;-61;-63;-65;-65;-67;-68;-73;-79;-81;-85;-88;-83;-80;-77;-77;-77;-75;-73;-72;-72;-70;-70;-67;-66;-66;-65;-66;-66
5.4,9&e4:5f:01:63:71:a3,-80;-85;-74;-74;-91;-87;-75;-76;-70;-68;-66;-66;-67;-68;-68;-64;-65;-65;-65;-66;-67;-66;-66;-66;-65;-65;-64;-64;-64;-64
5.4,10.8&e4:5f:01:63:71:a3,-77;-75;-84;-78;-74;-73;-72;-73;-73;-72;-73;-73;-73;-74;-74;-75;-76;-77;-78;-78;-79;-78;-78;-78;-78;-77;-77;-77;-76;-76;-79;-79;-79
7.2,5.4&e4:5f:01:63:71:a3,-72;-75;-74;-73;-74;-74;-72;-73;-73;-71;-71;-70;-70;-70;-69;-68;-70;-71;-71;-70;-70;-75;-73;-73;-73;-73;-73;-73
7.2,3.6&e4:5f:01:63:71:a3,-72;-69;-65;-64;-64;-64;-63;-62;-65;-65;-64;-64;-66
7.2,1.8&e4:5f:01:63:71:a3,-76;-73;-73;-72;-71;-71;-70;-70;-71;-71;-72;-71;-72;-72;-73;-74;-75;-75;-75;-75;-75;-75;-75;-76;-75;-75;-75;-75;-75;-75;-75;-75;-75;-75;-75;-75;-74;-74;-74;-74;-74;-73;-74
-1.8,-3.6&e4:5f:01:63:71:b5,-67;-65;-64;-63;-62;-62;-63;-63;-63;-62;-63;-63;-63;-62;-62;-62;-62;-63;-63;-63;-62;-63;-63;-63;-63;-62;-62;-62;-62
-1.8,-1.8&e4:5f:01:63:71:b5,-61;-63;-62;-63;-62;-62;-62;-63;-63;-62;-61;-61;-60;-59;-60;-60;-60;-60;-60;-60;-60;-60;-60;-60;-59;-60;-60;-60;-60;-60;-60;-60;-59;-58;-58;-58;-58;-57;-58;-58;-58;-58;-58;-58;-58
-1.8,0&e4:5f:01:63:71:b5,-72;-74;-72;-66;-67;-69;-69;-69;-68;-67;-67;-67;-67;-66;-66;-66;-65;-65;-65;-66;-66;-66;-66;-66;-66;-66;-67;-67;-66;-66;-67;-66;-67;-67;-67;-67
-1.8,1.8&e4:5f:01:63:71:b5,-62;-63;-64;-65;-66;-65;-64;-64;-65;-64;-64;-63;-63;-63;-63;-62;-63;-63;-63;-64;-64;-64;-64;-64;-64;-64;-64;-64;-64;-64;-64
-1.8,5.4&e4:5f:01:63:71:b5,-71;-69;-68;-68;-68;-70;-68;-69;-70;-70;-70;-71;-71;-71;-71;-72;-72;-72;-73;-73;-73;-73;-73;-73;-74;-74;-74;-73
-1.8,7.2&e4:5f:01:63:71:b5,-79;-76;-79;-79;-78;-79;-79;-80;-80;-78;-79;-82;-82;-81;-76;-75;-75;-75;-75;-76;-77;-77;-77;-77;-77;-77;-77;-77;-77;-76;-77;-76
-1.8,10.8&e4:5f:01:63:71:b5,-77;-77;-78;-75;-72;-74;-74;-75;-75;-77;-77;-78;-78;-79;-80;-78;-79;-81;-82;-83;-83;-83;-84;-85;-85;-91;-92;-88;-85;-82
-1.8,12.6&e4:5f:01:63:71:b5,-76;-76;-76;-76;-75;-74;-77;-77;-75;-75;-75;-75;-77;-77;-77;-77;-77;-77;-77;-77;-76;-76;-76;-76;-76;-76;-75;-76;-76;-75
-1.8,14.4&e4:5f:01:63:71:b5,-89;-86;-80;-80;-79;-78;-78;-81;-82;-83;-82;-81;-82;-83;-83;-87;-84;-84;-85;-85;-84;-82;-82;-82;-83;-81;-82;-80;-80;-81
-1.8,16.2&e4:5f:01:63:71:b5,-85;-86;-83;-84;-83;-83;-83;-83;-84;-83;-83;-83;-82;-82;-82;-82;-82;-82;-81;-82;-81;-81;-82;-81;-81;-81;-81;-81;-81;-82;-82
0,16.2&e4:5f:01:63:71:b5,-93;-93;-95;-98;-86;-87;-85;-86;-85;-85;-83;-83;-83;-83;-83;-84;-85;-85;-87;-87;-88;-88;-88;-89;-89;-89;-89;-91;-89;-88
0,14.4&e4:5f:01:63:71:b5,-81;-83;-87;-86;-84;-83;-83;-81;-78;-79;-77;-77;-77;-76;-77;-80;-80;-81;-78;-78;-78;-80;-80;-81;-81;-81;-81;-81;-81
0,10.8&e4:5f:01:63:71:b5,-81;-81;-81;-77;-79;-82;-83;-86;-88;-86;-86;-85;-86;-87;-85;-80;-80;-79;-78;-77;-77;-76;-75;-73;-74
0,9&e4:5f:01:63:71:b5,-71;-70;-71;-70;-74;-69;-70;-71;-74;-76;-75;-75;-73;-73;-73;-75;-73;-75;-76;-81;-75;-80;-80;-80;-84;-86;-84;-82;-80;-81;-81;-81
0,5.4&e4:5f:01:63:71:b5,-82;-83;-77;-79;-81;-80;-76;-75;-75;-73;-73;-73;-73;-73;-74;-75;-74;-75;-74;-74;-74;-73;-73;-73;-73;-73;-73;-72;-72;-72;-72
0,3.6&e4:5f:01:63:71:b5,-72;-73;-74;-77;-78;-80;-79;-80;-71;-72;-73;-72;-77;-77;-77;-75;-73;-72;-71;-73;-74;-72;-74;-72;-73;-75;-75;-79;-78;-77;-75;-76;-79;-80;-80
0,1.8&e4:5f:01:63:71:b5,-70;-70;-69;-69;-69;-69;-71;-74;-77;-78;-78;-76;-75;-74;-75;-74;-77;-76;-73;-72;-70;-70;-70;-70;-71
0,0&e4:5f:01:63:71:b5,-64;-66;-68;-65;-70;-70;-71;-67;-67;-69;-69;-66;-66;-71;-70;-68;-72;-70;-69;-66;-67;-67;-65;-66;-67;-70;-67;-69;-69;-67;-66
0,-1.8&e4:5f:01:63:71:b5,-63;-59;-61;-58;-58;-58;-61;-61;-59;-61;-62;-62;-60;-59;-60;-61;-60;-61;-61;-61;-61;-61;-63;-63;-62;-62
0,-3.6&e4:5f:01:63:71:b5,-57;-56;-57;-58;-57;-57;-56;-57;-58;-56;-56;-56;-57;-57;-57;-56;-57;-56;-57;-58;-57;-57;-57;-57;-57;-57;-57;-57;-56;-56;-56;-56;-57;-56;-55
1.8,1.8&e4:5f:01:63:71:b5,-77;-76;-76;-74;-74;-75;-81;-84;-82;-81;-77;-75;-74;-74;-74;-74;-72;-71;-70;-69;-71;-71;-71;-70;-70;-70;-70;-70;-69;-69;-68;-68;-67
1.8,3.6&e4:5f:01:63:71:b5,-82;-81;-76;-76;-84;-82;-76;-78;-77;-79;-79;-80;-79;-76;-78;-77;-78;-81;-78;-78;-78;-82;-78;-78;-77;-77;-77;-77;-78;-78;-78;-78;-79;-79;-78;-78;-78
1.8,5.4&e4:5f:01:63:71:b5,-68;-68;-68;-68;-68;-68;-67;-67;-67;-67;-67;-66;-66;-66;-66;-66;-66;-65;-66;-66;-66;-67;-66;-66;-67;-67
1.8,7.2&e4:5f:01:63:71:b5,-71;-71;-70;-71;-72;-67;-70;-70;-70;-70;-70;-70;-69;-69;-69;-69;-69;-70;-70;-70;-72;-70;-69;-69
1.8,10.8&e4:5f:01:63:71:b5,-80;-81;-80;-80;-82;-80;-79;-79;-80;-79;-80;-78;-78;-77;-77;-76;-76;-77;-78;-78;-78;-79;-80;-80;-81;-79;-78;-78;-77;-77;-76;-76;-77;-77;-77;-76
3.6,10.8&e4:5f:01:63:71:b5,-88;-82;-86;-76;-76;-76;-76;-76;-74;-74;-74;-73;-73;-73;-73;-73;-73;-73;-73;-73;-73;-73;-73;-73;-74;-74;-74;-74;-74;-74;-74;-74;-74;-74;-74;-75;-75
3.6,9&e4:5f:01:63:71:b5,-76;-76;-79;-78;-80;-80;-87;-83;-81;-80;-80;-80;-80;-80;-80;-80;-80;-80;-80;-80;-79;-79;-80;-80;-79;-79;-79;-78;-78;-78;-78
3.6,3.6&e4:5f:01:63:71:b5,-81;-78;-74;-74;-74;-74;-73;-72;-72;-71;-71;-71;-70;-71;-71;-71;-71;-70;-70;-70;-71;-71;-71;-71;-71;-71;-72;-72;-71;-71
3.6,1.8&e4:5f:01:63:71:b5,-77;-74;-74;-76;-79;-78;-76;-77;-74;-74;-74;-74;-73;-71;-71;-71;-71;-70;-71;-71;-71;-71;-71;-72;-71;-71;-71;-71;-70;-70;-69;-69;-69;-69
5.4,1.8&e4:5f:01:63:71:b5,-76;-77;-72;-73;-74;-76;-75;-75;-75;-74;-74;-74;-73;-73;-73;-73;-72;-73;-73;-73;-73;-73;-73;-72;-72;-73;-73;-72;-72;-72;-72;-72;-72;-72;-72;-72
5.4,5.4&e4:5f:01:63:71:b5,-72;-70;-69;-69;-69;-69;-69;-69;-69;-69;-69;-69;-70;-70;-70;-70;-70;-70;-70;-70;-70;-70;-70;-71;-71;-71;-71;-71;-71;-70;-70;-70;-70;-70;-70;-71;-71
5.4,7.2&e4:5f:01:63:71:b5,-82;-79;-79;-76;-76;-77;-81;-82;-80;-79;-78;-77;-77;-78;-82;-89;-88;-85;-84;-83;-81;-81;-80;-79;-79;-78;-78;-78;-78;-77;-77;-77;-77;-77;-78;-77;-77;-77
7.2,5.4&e4:5f:01:63:71:b5,-75;-77;-78;-78;-77;-76;-76;-76;-75;-74;-74;-74;-74;-74;-75;-75;-75;-75;-75;-75;-75;-75;-76;-75;-75;-75;-75;-75
7.2,3.6&e4:5f:01:63:71:b5,-80;-80;-78;-73;-75;-77;-81;-81;-80;-84;-84;-86;-88;-86;-84;-83;-80;-78;-79;-79;-78;-78;-77;-77;-75;-74;-74;-74;-74;-73;-74
7.2,1.8&e4:5f:01:63:71:b5,-72;-72;-74;-74;-73;-74;-73;-73;-73;-73;-73;-73;-72;-72;-72;-73;-73;-73;-73;-73;-73;-73;-73;-73;-73;-73;-73;-72
-1.8,-3.6&e4:5f:01:63:71:64,-72;-73;-74;-73;-74;-74;-78;-75;-74;-75;-75;-75;-75;-75;-75;-75;-75;-75;-76;-76;-75;-75;-75;-75;-75;-75;-76;-76;-75
-1.8,-1.8&e4:5f:01:63:71:64,-69;-72;-71;-71;-71;-71;-71;-71;-70;-72;-84;-82;-81;-80;-79;-82;-82;-84;-83;-81;-79;-79;-78;-78;-77;-77;-78;-78;-77;-77;-77;-76;-76;-76
-1.8,0&e4:5f:01:63:71:64,-76;-75;-79;-79;-81;-84;-85;-84;-85;-91;-83;-91;-94;-91;-92;-91;-84;-86;-80;-79;-79
-1.8,1.8&e4:5f:01:63:71:64,-67;-62;-64;-65;-64;-64;-63;-62;-60;-60;-61;-62;-62;-62;-62;-63;-64;-63;-63;-62;-62;-62
-1.8,3.6&e4:5f:01:63:71:64,-62;-62;-62;-63;-63;-63;-64;-64;-64;-65;-66;-66;-68;-68;-69;-70;-71;-68;-66;-67;-68;-68;-68;-68;-67
-1.8,5.4&e4:5f:01:63:71:64,-62;-62;-61;-62;-62;-63;-63;-63;-63;-63;-62;-64;-64;-64;-65;-64;-64;-64;-65;-65;-64;-64;-65;-65;-64;-64;-65;-64;-63;-64;-64
-1.8,7.2&e4:5f:01:63:71:64,-64;-64;-64;-63;-64;-64;-64;-64;-65;-64;-64;-67;-67;-64;-64;-63;-63;-63;-63;-63;-63;-63;-64;-64;-64;-63;-63;-63;-63;-63;-62;-62;-63;-62
-1.8,9&e4:5f:01:63:71:64,-65;-66;-67;-68;-70;-72;-72;-73;-74;-75;-74;-74;-74;-75;-75;-76;-77;-78;-80;-83;-82;-78;-78;-79;-80;-81;-81;-82;-81
-1.8,10.8&e4:5f:01:63:71:64,-70;-72;-71;-73;-75;-78;-78;-78;-81;-79;-84;-83;-83;-83;-84;-84;-92;-77;-78;-77;-79;-79;-79;-79
-1.8,12.6&e4:5f:01:63:71:64,-70;-72;-73;-72;-72;-71;-71;-71;-71;-70;-71;-71;-71;-70;-70;-70;-71;-71;-71;-71;-71;-71;-72;-72;-72;-72;-72;-71;-71
-1.8,14.4&e4:5f:01:63:71:64,-74;-76;-74;-74;-72;-71;-70;-70;-69;-69;-70;-69;-69;-69;-69;-69;-69;-70;-70;-71;-71;-71;-71;-71;-71;-71;-71
-1.8,16.2&e4:5f:01:63:71:64,-79;-86;-85;-84;-85;-84;-85;-85;-85;-82;-81;-80;-77;-77;-77;-77;-77;-78;-78;-79;-79;-79;-78;-78;-78;-79;-80;-80;-79;-80;-80;-80;-79;-78;-77;-77;-78;-78;-78;-79
0,16.2&e4:5f:01:63:71:64,-84;-77;-78;-82;-78;-82;-80;-79;-78;-78;-82;-82;-83;-84;-82;-81;-85;-85;-85;-85;-83;-84;-80;-81;-82;-83;-87;-83;-83
0,14.4&e4:5f:01:63:71:64,-64;-64;-63;-63;-63;-63;-63;-63;-63;-63;-63;-63;-63;-62;-62;-63;-62;-62;-63;-63;-63;-63;-63;-63;-64;-63
0,12.6&e4:5f:01:63:71:64,-71;-69;-69;-69;-69;-69;-71;-71;-72;-73;-73;-71;-71;-72;-72;-74;-74;-73;-73;-70;-70;-71;-71;-72;-71;-71;-71;-71;-72
0,10.8&e4:5f:01:63:71:64,-74;-72;-80;-77;-78;-71;-72;-73;-75;-75;-76;-77;-78;-78;-78;-78;-77;-77;-76;-76;-76;-76;-76;-77;-77;-77;-77;-77;-77;-77;-77;-77;-76;-77;-76
0,9&e4:5f:01:63:71:64,-71;-72;-69;-72;-84;-76;-82;-79;-79;-88;-78;-74;-76;-73;-86;-84;-81;-79;-77;-75;-74
0,7.2&e4:5f:01:63:71:64,-73;-70;-70;-67;-66;-66;-66;-67;-69;-70;-70;-69;-69;-69;-68;-67;-67;-66;-65;-66;-66;-66;-66;-66;-65;-66;-66;-66;-66;-66;-66
0,5.4&e4:5f:01:63:71:64,-59;-60;-61;-60;-61;-62;-62;-61;-61;-63;-62;-61;-61;-61;-62;-63;-63;-63;-63;-63;-63;-64;-66;-66;-66;-65;-64;-64;-64;-64;-65;-65;-65;-66;-66;-72;-74
0,3.6&e4:5f:01:63:71:64,-70;-70;-70;-71;-71;-67;-69;-72;-73;-74;-73;-71;-72;-73;-73;-74;-72;-68;-71;-71;-72;-72;-71;-72;-72;-71;-71
0,1.8&e4:5f:01:63:71:64,-67;-66;-66;-67;-68;-68;-70;-76;-74;-69;-67;-65;-65;-64;-63;-63;-62;-59;-63;-68;-66;-67;-73;-73;-71;-68;-66;-66;-66;-66;-63;-63
0,0&e4:5f:01:63:71:64,-66;-65;-66;-68;-72;-78;-72;-68;-67;-67;-70;-71;-69;-69;-69;-69;-71;-70;-70;-70;-70;-70;-69;-69
0,-1.8&e4:5f:01:63:71:64,-83;-82;-79;-81;-83;-82;-78;-73;-72;-73;-74;-72;-73;-77;-80;-77;-75;-75;-75;-76;-79;-79;-79;-78;-78;-79;-79;-75;-75;-74
0,-3.6&e4:5f:01:63:71:64,-71;-71;-69;-71;-69;-70;-69;-70;-70;-68;-71;-68;-70;-70;-68;-69;-70;-70;-69;-70;-70;-70;-71;-70;-70;-70
1.8,1.8&e4:5f:01:63:71:64,-53;-53;-53;-53;-53;-53;-53;-53;-53;-54;-54;-54;-53;-55;-55;-56;-57;-57;-56;-56;-57;-57;-56;-57;-57;-57;-57;-58
1.8,3.6&e4:5f:01:63:71:64,-64;-67;-68;-69;-63;-65;-64;-64;-65;-64;-66;-65;-65;-65;-68;-67;-64;-65;-65;-65;-66;-66;-67;-66;-65;-66
1.8,5.4&e4:5f:01:63:71:64,-62;-62;-62;-63;-63;-63;-69;-69;-69;-69;-69;-68;-68;-68;-68;-68;-68;-68;-68;-69;-68;-68;-68;-68;-68;-68;-68;-68;-69;-69;-69;-69;-69
1.8,7.2&e4:5f:01:63:71:64,-63;-64;-65;-66;-65;-65;-67;-65;-66;-66;-65;-64;-64;-64;-64;-64;-64;-64;-64;-64;-64;-64;-64;-64;-65;-65;-65
1.8,9&e4:5f:01:63:71:64,-74;-84;-74;-71;-69;-70;-71;-70;-71;-69;-69;-70;-71;-74;-74;-74;-74;-75;-74;-74;-74;-73;-75;-72;-72;-72
1.8,10.8&e4:5f:01:63:71:64,-66;-67;-67;-67;-67;-68;-67;-67;-67;-68;-67;-67;-68;-73;-76;-77;-70;-71;-72;-73;-72;-71;-71;-72;-71
3.6,10.8&e4:5f:01:63:71:64,-68;-67;-63;-64;-64;-64;-65;-66;-66;-66;-66;-66;-66;-66;-66;-67;-67;-67;-67;-68;-68;-68;-68;-68;-69;-69;-69;-68;-68;-69;-69;-69;-68;-68;-67;-68;-68
3.6,9&e4:5f:01:63:71:64,-68;-68;-67;-68;-70;-70;-68;-68;-68;-68;-67;-67;-66;-66;-65;-65;-65;-65;-65;-65;-65;-65;-66;-66;-66;-66;-66;-66;-66;-66;-66
3.6,7.2&e4:5f:01:63:71:64,-74;-80;-76;-78;-79;-77;-74;-73;-73;-74;-73;-73;-73;-74;-75;-75;-74;-74;-75;-75;-73;-71;-70;-71;-70;-71;-71;-70;-70
3.6,5.4&e4:5f:01:63:71:64,-64;-62;-63;-62;-59;-60;-62;-64;-65;-66;-71;-71;-68;-68;-68;-66;-64;-63;-63;-62;-62;-62;-61;-61;-61;-61;-62;-63;-63;-63
3.6,3.6&e4:5f:01:63:71:64,-62;-64;-65;-67;-64;-65;-66;-68;-71;-68;-71;-72;-70;-68;-68;-68;-66;-72;-67;-67;-67;-64;-64;-63;-63;-63;-63
3.6,1.8&e4:5f:01:63:71:64,-52;-53;-54;-53;-53;-56;-55;-55;-55;-56;-54;-54;-54;-54;-53;-53;-53;-53;-53;-53;-53;-53;-53;-53;-53;-53;-53;-54
5.4,1.8&e4:5f:01:63:71:64,-64;-58;-56;-59;-60;-60;-59;-59;-60;-60;-60;-60;-60;-61;-61;-61;-60;-59;-59;-59;-59;-59;-59;-59;-58;-58;-58;-58;-58;-58;-58;-58;-58;-58;-59;-59;-59
5.4,3.6&e4:5f:01:63:71:64,-63;-63;-66;-66;-66;-66;-66;-66;-65;-64;-65;-64;-65;-65;-65;-64;-64;-64;-64;-64;-64;-64;-64;-64;-64;-63;-63;-64;-64;-64
5.4,5.4&e4:5f:01:63:71:64,-63;-61;-61;-61;-61;-61;-61;-62;-62;-62;-63;-63;-63;-63;-63;-62;-63;-63;-63;-62;-63;-63;-63;-63;-63;-63;-63;-63;-63;-63;-63;-63
5.4,7.2&e4:5f:01:63:71:64,-76;-74;-73;-71;-72;-71;-72;-70;-70;-70;-67;-67;-67;-67;-66;-66;-66;-66;-66;-66;-65
5.4,9&e4:5f:01:63:71:64,-76;-71;-71;-71;-71;-71;-71;-71;-71;-72;-73;-73;-74;-73;-72;-71;-71;-71;-71;-71;-69;-69;-70;-71;-71;-71
5.4,10.8&e4:5f:01:63:71:64,-77;-77;-78;-83;-86;-83;-81;-80;-80;-80;-80;-80;-80;-79;-79;-78;-78;-78;-78;-79;-79;-81;-82;-82;-85;-89;-83;-84;-85
7.2,5.4&e4:5f:01:63:71:64,-71;-68;-68;-73;-74;-76;-76;-76;-75;-75;-75;-75;-76;-73;-75;-75;-76;-75;-74;-75;-75;-74;-76;-75;-74;-73;-72;-72;-72;-72;-72;-73;-73
7.2,3.6&e4:5f:01:63:71:64,-64;-62;-62;-61;-61;-64;-67;-66;-62;-62;-67;-70;-64;-63;-60;-58;-56;-56;-56;-55;-55;-55;-56;-55;-56
7.2,1.8&e4:5f:01:63:71:64,-55;-57;-55;-54;-54;-54;-54;-54;-54;-54;-54;-54;-53;-53;-53;-53;-53;-53;-53;-53;-53;-53;-52;-52;-52;-52;-53;-53;-53;-53;-54;-56;-56
-1.8,-3.6&e4:5f:01:63:71:55,-86;-87;-82;-79;-71;-81;-78;-82;-81;-79;-79;-78;-78;-78;-77;-76;-76;-76;-77;-76;-76;-76;-76;-76
-1.8,-1.8&e4:5f:01:63:71:55,-79;-81;-75;-75;-73;-74;-74;-73;-73;-74;-74;-74;-73;-71;-71;-71;-71;-71;-71;-71;-71;-71
-1.8,0&e4:5f:01:63:71:55,-69;-69;-69;-67;-67;-68;-68;-66;-66;-66;-67;-67;-66;-66;-66;-66;-66;-66;-66;-66;-66;-66;-66;-66;-66;-66;-67;-66;-66;-67;-67;-68
-1.8,1.8&e4:5f:01:63:71:55,-69;-65;-66;-68;-70;-69;-68;-68;-69;-68;-69;-69;-69;-68;-68;-67;-67;-67;-67;-67;-67;-66;-67;-66;-67;-67;-66;-67;-66;-67;-67;-67;-67;-67;-67;-67;-67
-1.8,3.6&e4:5f:01:63:71:55,-66;-66;-65;-64;-64;-63;-63;-64;-64;-64;-64;-64;-65;-65;-65;-65;-65;-65;-65;-65;-66;-66;-66;-68;-67;-67;-67;-67;-67;-66;-66;-66;-66;-67;-67;-67;-65
-1.8,5.4&e4:5f:01:63:71:55,-59;-60;-59;-59;-58;-58;-58;-58;-58;-59;-59;-59;-59;-59;-59;-59;-59;-60;-60;-60;-60;-61;-61;-61;-61;-60;-60;-61;-60;-60
-1.8,7.2&e4:5f:01:63:71:55,-66;-69;-66;-67;-69;-71;-76;-70;-64;-63;-63;-63;-64;-64;-65;-65;-64;-64;-63;-63;-63;-63;-64;-65;-65;-66
-1.8,9&e4:5f:01:63:71:55,-74;-75;-75;-72;-71;-69;-69;-68;-68;-68;-69;-69;-69;-70;-70;-72;-72;-71;-71;-72;-73;-73;-73;-73;-72;-72;-72;-72
-1.8,10.8&e4:5f:01:63:71:55,-68;-66;-67;-66;-75;-77;-75;-76;-75;-75;-75;-73;-73;-73;-73;-73;-73;-73;-73;-74;-73;-72;-72;-73;-70;-70;-70;-70;-69;-69
-1.8,12.6&e4:5f:01:63:71:55,-69;-70;-71;-70;-70;-71;-73;-72;-71;-72;-73;-72;-72;-73;-72;-72;-73;-73;-74;-74;-74;-74;-74;-74;-75;-75;-75;-75;-75;-73;-73;-74;-73;-75
-1.8,14.4&e4:5f:01:63:71:55,-73;-69;-67;-67;-66;-65;-65;-65;-65;-65;-66;-66;-66;-66;-66;-67;-68;-68;-68;-68;-68;-67;-67;-67;-67;-67;-67;-67;-66;-66;-66;-67;-66;-66;-66;-66;-66
-1.8,16.2&e4:5f:01:63:71:55,-70;-71;-71;-70;-70;-70;-69;-69;-69;-68;-68;-68;-68;-68;-68;-68;-68;-68;-68;-68;-68;-68;-68;-69;-69;-69;-69;-69;-69
0,16.2&e4:5f:01:63:71:55,-70;-70;-68;-70;-71;-72;-72;-71;-71;-71;-71;-71;-71;-71;-71;-71;-71;-72;-72;-72;-72;-71;-71;-70;-70;-70;-70;-70;-70
0,14.4&e4:5f:01:63:71:55,-67;-68;-68;-70;-72;-79;-81;-77;-76;-74;-73;-71;-70;-69;-69;-68;-68;-69;-69;-69;-70;-69;-70;-70;-69;-70;-70;-71;-71;-71;-72;-72;-72;-72;-72;-72;-72
0,12.6&e4:5f:01:63:71:55,-66;-66;-66;-67;-67;-66;-66;-67;-66;-66;-67;-68;-68;-68;-67;-66;-66;-66;-67;-67;-67;-67;-67;-67;-67;-67;-67;-67;-68
0,10.8&e4:5f:01:63:71:55,-74;-81;-84;-71;-78;-78;-73;-73;-73;-74;-79;-81;-81;-80;-86;-85;-87;-89;-85;-84;-86;-87;-83
0,9&e4:5f:01:63:71:55,-72;-71;-66;-67;-67;-67;-68;-67;-68;-68;-66;-66;-68;-69;-68;-69;-71;-68;-77;-72;-72;-70;-72;-75;-70
0,7.2&e4:5f:01:63:71:55,-68;-65;-64;-64;-64;-64;-65;-66;-66;-66;-65;-65;-65;-64;-64;-64;-64;-63;-64;-64;-64;-64;-64;-64;-64;-64;-64;-64;-64;-64;-64;-64
0,5.4&e4:5f:01:63:71:55,-64;-67;-73;-75;-74;-77;-77;-75;-76;-75;-73;-74;-75;-77;-75;-75;-74;-76;-74;-74;-71;-70;-71;-73;-73;-74;-75;-74;-71;-71
0,3.6&e4:5f:01:63:71:55,-66;-68;-65;-65;-64;-64;-65;-67;-65;-67;-66;-65;-67;-69;-65;-66;-65;-64;-64;-65;-68;-69;-66;-64;-64;-65;-66;-65;-65;-65;-65;-65;-66
0,1.8&e4:5f:01:63:71:55,-68;-67;-67;-68;-69;-69;-69;-70;-69;-69;-69;-70;-70;-71;-71;-71;-71;-71;-71;-71;-71;-71;-71;-70;-71;-74;-77;-69;-67;-68;-70;-71;-71;-72;-72;-73;-74
0,0&e4:5f:01:63:71:55,-66;-68;-69;-65;-65;-66;-66;-65;-66;-66;-66;-65;-65;-66;-65;-66;-65;-64;-64;-64;-66;-66;-65;-65;-64;-64
0,-1.8&e4:5f:01:63:71:55,-71;-71;-72;-72;-72;-72;-73;-73;-73;-73;-74;-74;-73;-73;-74;-74;-75;-75;-75;-75;-75;-78;-80;-80;-80;-80;-79;-78;-77;-77;-77;-77;-77
0,-3.6&e4:5f:01:63:71:55,-74;-82;-77;-80;-85;-92;-81;-81;-80;-89;-82;-85;-78;-85;-81;-86;-81;-87;-86;-81;-78;-85
1.8,1.8&e4:5f:01:63:71:55,-75;-79;-85;-87;-93;-76;-74;-75;-75;-75;-76;-74;-73;-73;-72;-72;-72;-72;-72;-71;-70
1.8,3.6&e4:5f:01:63:71:55,-67;-67;-66;-67;-68;-65;-65;-66;-65;-65;-65;-66;-66;-65;-64;-66;-65;-64;-65;-65;-65;-65;-65;-65;-64;-64;-65;-65;-65;-65;-64;-64;-64;-65;-65;-65;-65
1.8,5.4&e4:5f:01:63:71:55,-65;-65;-65;-65;-65;-66;-66;-66;-66;-66;-67;-67;-67;-67;-67;-67;-68;-68;-67;-67;-67;-67;-67;-68;-68;-67;-67
1.8,7.2&e4:5f:01:63:71:55,-67;-67;-67;-66;-67;-67;-68;-69;-67;-66;-65;-64;-64;-64;-64;-64;-64;-64;-64;-64;-64;-63;-63;-63;-63;-63;-64;-64;-64;-64;-64;-64;-64;-64;-64;-64;-64;-64;-64;-64
1.8,9&e4:5f:01:63:71:55,-63;-63;-62;-62;-63;-63;-63;-63;-63;-63;-63;-63;-65;-65;-65;-64;-64;-64;-64;-64;-64;-64;-64;-64;-63;-63;-63;-63;-63
1.8,10.8&e4:5f:01:63:71:55,-72;-75;-75;-75;-77;-76;-73;-77;-72;-72;-72;-76;-79;-76;-76;-76;-72;-71;-71;-71;-73
3.6,10.8&e4:5f:01:63:71:55,-70;-77;-78;-81;-84;-84;-77;-78;-76;-75;-76;-76;-78;-81;-80;-75;-77;-75;-75;-75;-75;-76;-76;-76
3.6,9&e4:5f:01:63:71:55,-72;-74;-79;-75;-75;-74;-74;-73;-73;-73;-72;-73;-72;-72;-72;-72;-72;-72;-72;-72;-72;-72;-71;-72;-71;-71;-71
3.6,7.2&e4:5f:01:63:71:55,-71;-74;-73;-74;-71;-71;-71;-71;-71;-72;-72;-73;-73;-72;-72;-73;-73;-72;-72;-71;-71;-71;-71;-71;-72;-72;-71
3.6,5.4&e4:5f:01:63:71:55,-70;-68;-71;-73;-70;-68;-67;-67;-67;-67;-67;-67;-67;-66;-66;-65;-65;-65
3.6,3.6&e4:5f:01:63:71:55,-69;-69;-67;-69;-68;-67;-67;-66;-67;-67;-69;-67;-68;-68;-70;-70;-70;-68;-68;-68;-67;-68;-68;-68;-68;-68;-67;-67;-67;-67;-67
3.6,1.8&e4:5f:01:63:71:55,-71;-68;-71;-69;-69;-69;-70;-70;-71;-71;-71;-71;-71;-71;-71;-71;-71
5.4,1.8&e4:5f:01:63:71:55,-71;-78;-77;-73;-73;-73;-73;-73;-71;-70;-68;-68;-68;-68;-68;-68;-68;-68;-68;-68;-68;-68;-68
5.4,3.6&e4:5f:01:63:71:55,-73;-74;-81;-84;-82;-81;-85;-81;-80;-78;-76;-75;-74;-72;-71;-71;-71;-70;-70;-70;-70;-70;-70;-70;-70;-70;-70;-71;-71;-71;-71
5.4,5.4&e4:5f:01:63:71:55,-68;-70;-71;-70;-70;-72;-72;-72;-72;-73;-72;-71;-71;-71;-71;-71;-71;-72;-72;-72;-72;-72;-72;-72;-70;-70
5.4,7.2&e4:5f:01:63:71:55,-79;-83;-79;-86;-87;-92;-90;-84;-80;-77;-75;-75;-73;-72;-72;-72;-71;-71;-71;-71;-72;-71;-71;-71;-71;-71;-71
5.4,9&e4:5f:01:63:71:55,-75;-76;-73;-73;-72;-72;-71;-71;-71;-71;-72;-72;-71;-70;-70;-69;-69;-69;-69;-69;-69;-69;-70;-70;-70;-71;-71;-71
5.4,10.8&e4:5f:01:63:71:55,-84;-76;-75;-75;-75;-75;-74;-74;-74;-74;-74;-74;-74;-74;-74;-74;-74;-74;-74;-74;-76;-77;-77;-76;-76;-77;-77;-76
7.2,5.4&e4:5f:01:63:71:55,-68;-67;-70;-70;-71;-72;-73;-74;-73;-72;-72;-73;-73;-73;-73;-73;-74;-73;-73;-73;-74;-74;-74;-72;-71;-71;-71;-70;-71;-71;-71;-71;-71;-72;-72
7.2,3.6&e4:5f:01:63:71:55,-68;-67;-67;-65;-65;-66;-66;-66;-67;-68;-68;-68;-67;-67;-67;-66;-65;-65;-65;-65;-65;-64;-64;-65;-66;-66;-70;-70;-67
7.2,1.8&e4:5f:01:63:71:55,-77;-77;-76;-77;-80;-81;-81;-83;-80;-79;-80;-79;-76;-76;-76;-76;-81;-80;-82;-79;-77;-77;-80;-79;-79;-78;-80;-78;-78;-79;-77;-78;-77;-75
